Simulation Results:
Method: GPU
Path check-points: 20
Rays per check-point: 100
Total Hits: 383
Total Rays: 2000
Hit Ratio: 19.1 %%
Total polygons: 20684
Time [seconds]: 0.046
Time [millisec]: 45
Time [microsec]: 45853

List of all Hit points (sorted by length of ray)
Format: (x,y,z) - length :
(15.825,0.071,-7.764) - 0.376
(8.027,0.008,-4.407) - 0.380
(15.798,0.023,-7.686) - 0.383
(8.001,0.058,-4.330) - 0.385
(15.867,0.043,-7.889) - 0.388
(15.851,0.126,-7.840) - 0.394
(8.044,0.092,-4.457) - 0.399
(15.808,0.164,-7.716) - 0.409
(15.780,0.112,-7.634) - 0.416
(8.074,0.042,-4.544) - 0.421
(7.954,0.030,-4.191) - 0.426
(15.834,0.230,-7.793) - 0.435
(15.898,0.105,-7.979) - 0.436
(15.879,0.200,-7.921) - 0.444
(15.746,0.064,-7.534) - 0.457
(15.921,0.014,-8.046) - 0.462
(13.465,0.010,-4.079) - 0.488
(15.760,0.235,-7.575) - 0.489
(15.791,0.299,-7.666) - 0.490
(13.431,0.074,-3.979) - 0.495
(7.916,0.100,-4.079) - 0.500
(15.861,0.334,-7.870) - 0.506
(13.487,0.118,-4.142) - 0.512
(13.452,0.188,-4.041) - 0.521
(15.938,0.197,-8.094) - 0.532
(13.395,0.150,-3.874) - 0.537
(15.719,0.189,-7.455) - 0.539
(13.525,0.054,-4.254) - 0.541
(15.912,0.317,-8.019) - 0.547
(13.370,0.038,-3.801) - 0.548
(15.699,0.005,-7.397) - 0.549
(8.140,0.099,-4.739) - 0.550
(15.818,0.408,-7.746) - 0.551
(14.425,0.107,-3.672) - 0.565
(13.418,0.279,-3.940) - 0.570
(15.971,0.092,-8.190) - 0.575
(14.385,0.035,-3.555) - 0.576
(13.510,0.254,-4.210) - 0.578
(14.490,0.064,-3.860) - 0.583
(14.464,0.190,-3.786) - 0.593
(13.473,0.341,-4.103) - 0.598
(13.553,0.189,-4.335) - 0.610
(14.401,0.246,-3.601) - 0.615
(20.685,0.215,-6.228) - 0.615
(14.358,0.169,-3.476) - 0.625
(13.352,0.257,-3.750) - 0.628
(20.783,0.089,-6.224) - 0.638
(13.320,0.129,-3.657) - 0.643
(19.544,0.122,-2.911) - 0.644
(15.736,0.448,-7.506) - 0.649
(14.440,0.347,-3.715) - 0.654
(14.536,0.157,-3.996) - 0.656
(19.498,0.039,-2.778) - 0.656
(19.617,0.073,-3.126) - 0.665
(15.657,0.147,-7.274) - 0.667
(14.507,0.301,-3.909) - 0.669
(5.638,0.040,-5.540) - 0.671
(15.890,0.531,-7.956) - 0.672
(19.588,0.216,-3.041) - 0.676
(5.758,0.075,-5.896) - 0.679
(13.380,0.421,-3.830) - 0.679
(13.439,0.478,-4.003) - 0.682
(14.307,0.096,-3.326) - 0.687
(14.571,0.021,-4.097) - 0.696
(19.516,0.281,-2.830) - 0.701
(15.685,0.394,-7.355) - 0.703
(13.611,0.127,-4.503) - 0.704
(19.467,0.193,-2.688) - 0.713
(8.210,0.036,-4.946) - 0.715
(15.773,0.587,-7.612) - 0.716
(14.821,0.015,-8.199) - 0.726
(13.535,0.472,-4.284) - 0.726
(15.996,0.364,-8.266) - 0.728
(14.328,0.353,-3.388) - 0.735
(4.611,0.110,-3.025) - 0.735
(14.770,0.110,-8.051) - 0.736
(14.375,0.449,-3.526) - 0.737
(19.560,0.395,-2.961) - 0.745
(4.642,0.015,-3.182) - 0.746
(19.669,0.179,-3.280) - 0.747
(13.586,0.390,-4.432) - 0.750
(15.844,0.654,-7.821) - 0.752
(20.614,0.167,-6.023) - 0.761
(14.480,0.502,-3.832) - 0.761
(15.957,0.541,-8.151) - 0.761
(19.636,0.343,-3.181) - 0.762
(14.853,0.175,-8.293) - 0.762
(4.560,0.054,-2.766) - 0.772
(4.581,0.216,-2.869) - 0.773
(14.801,0.279,-8.142) - 0.775
(19.409,0.110,-2.517) - 0.783
(4.630,0.283,-3.121) - 0.787
(19.709,0.024,-3.395) - 0.792
(4.663,0.184,-3.286) - 0.798
(14.716,0.224,-7.894) - 0.798
(14.596,0.297,-4.170) - 0.802
(20.646,0.450,-6.114) - 0.803
(14.910,0.080,-8.460) - 0.804
(13.297,0.436,-3.588) - 0.807
(13.495,0.630,-4.167) - 0.807
(5.852,0.024,-6.170) - 0.808
(14.266,0.283,-3.209) - 0.810
(14.678,0.057,-7.785) - 0.814
(14.557,0.477,-4.056) - 0.823
(14.416,0.613,-3.645) - 0.828
(4.600,0.409,-2.966) - 0.835
(13.249,0.276,-3.449) - 0.835
(19.433,0.402,-2.587) - 0.838
(19.487,0.512,-2.744) - 0.840
(20.892,0.403,-6.176) - 0.840
(7.381,0.051,-9.042) - 0.846
(14.750,0.415,-7.992) - 0.847
(7.533,0.094,-9.491) - 0.856
(14.887,0.378,-8.393) - 0.860
(14.646,0.139,-4.315) - 0.866
(19.606,0.572,-3.093) - 0.867
(4.523,0.174,-2.575) - 0.872
(4.547,0.358,-2.697) - 0.872
(15.595,0.389,-7.092) - 0.905
(14.951,0.281,-8.580) - 0.907
(13.404,0.754,-3.900) - 0.909
(19.737,0.338,-3.478) - 0.912
(13.333,0.687,-3.695) - 0.916
(4.650,0.524,-3.221) - 0.920
(19.363,0.323,-2.382) - 0.924
(14.653,0.383,-7.710) - 0.933
(19.693,0.543,-3.348) - 0.937
(19.509,0.264,-6.729) - 0.943
(19.533,0.699,-2.880) - 0.944
(14.605,0.191,-7.571) - 0.957
(19.464,0.067,-6.600) - 0.963
(5.465,0.010,-5.032) - 0.964
(13.182,0.116,-3.252) - 0.968
(14.292,0.674,-3.284) - 0.976
(15.537,0.089,-6.922) - 0.984
(19.793,0.158,-3.642) - 0.985
(9.273,0.188,-3.890) - 0.987
(9.890,0.020,-9.890) - 0.987
(4.534,0.329,-2.364) - 0.995
(14.525,0.799,-3.961) - 1.011
(7.651,0.031,-9.837) - 1.020
(9.389,0.112,-4.219) - 1.022
(20.543,0.443,-5.816) - 1.030
(15.037,0.188,-8.829) - 1.047
(4.517,0.571,-2.494) - 1.058
(13.628,0.781,-4.553) - 1.070
(21.181,0.289,-6.048) - 1.071
(14.347,0.883,-3.444) - 1.077
(21.168,0.312,-7.441) - 1.077
(14.685,0.549,-4.429) - 1.097
(4.495,0.132,-2.165) - 1.099
(15.637,0.850,-7.214) - 1.104
(19.432,0.453,-6.512) - 1.105
(9.699,0.077,-9.328) - 1.105
(19.393,0.768,-2.469) - 1.114
(20.477,0.101,-5.625) - 1.119
(6.007,0.068,-6.626) - 1.129
(14.455,0.984,-3.759) - 1.131
(19.374,0.227,-6.346) - 1.134
(14.625,0.814,-4.254) - 1.147
(19.656,0.909,-3.241) - 1.151
(9.473,0.276,-4.457) - 1.152
(21.418,0.189,-7.332) - 1.182
(13.211,0.799,-3.337) - 1.192
(7.163,0.012,-8.401) - 1.216
(9.536,0.037,-4.635) - 1.224
(19.455,1.007,-2.651) - 1.228
(14.772,0.357,-4.684) - 1.233
(14.499,0.410,-7.262) - 1.242
(23.826,0.319,-7.270) - 1.275
(19.577,1.121,-3.010) - 1.289
(24.068,0.494,-7.162) - 1.301
(19.770,0.926,-3.574) - 1.305
(16.029,1.107,-8.362) - 1.318
(7.904,0.255,-9.027) - 1.340
(23.558,0.161,-7.390) - 1.340
(4.532,0.340,-1.824) - 1.359
(4.463,0.634,-2.004) - 1.378
(21.294,0.111,-7.812) - 1.393
(19.938,0.407,-4.064) - 1.403
(22.255,0.243,-7.873) - 1.430
(19.019,0.216,-7.030) - 1.442
(23.666,0.666,-7.342) - 1.447
(19.244,0.488,-5.977) - 1.478
(19.784,0.266,-8.050) - 1.480
(21.798,0.372,-8.069) - 1.489
(23.365,0.501,-7.476) - 1.519
(9.672,0.244,-5.020) - 1.528
(22.550,0.461,-7.761) - 1.537
(15.367,0.468,-6.417) - 1.560
(21.483,0.188,-8.206) - 1.569
(14.919,0.128,-5.112) - 1.598
(21.476,0.208,-2.062) - 1.601
(22.754,0.145,-7.619) - 1.612
(5.716,0.016,-5.771) - 1.621
(20.042,0.081,-8.321) - 1.629
(7.625,0.228,-8.205) - 1.631
(11.195,0.247,-0.984) - 1.644
(25.005,0.367,-6.690) - 1.668
(12.320,0.319,-8.871) - 1.679
(11.246,0.034,-1.344) - 1.689
(21.128,0.440,-2.112) - 1.692
(11.111,0.119,-0.409) - 1.696
(21.686,0.577,-2.031) - 1.697
(12.198,0.102,-8.526) - 1.706
(20.897,0.085,-2.146) - 1.708
(24.079,0.290,-6.646) - 1.708
(11.144,0.479,-0.635) - 1.710
(22.044,0.360,-1.979) - 1.712
(19.120,0.206,-5.625) - 1.719
(24.436,0.531,-6.575) - 1.769
(21.875,0.106,-5.742) - 1.770
(11.226,0.638,-1.203) - 1.773
(10.890,0.160,-7.715) - 1.780
(4.530,0.267,-2.610) - 1.783
(14.852,1.137,-4.917) - 1.805
(21.345,0.850,-2.081) - 1.808
(4.605,0.036,-2.992) - 1.810
(4.460,0.127,-1.989) - 1.818
(4.508,0.510,-2.231) - 1.820
(22.897,0.364,-7.628) - 1.822
(20.107,0.146,-4.553) - 1.822
(12.246,0.730,-8.661) - 1.825
(12.116,0.500,-8.294) - 1.851
(17.162,0.278,-3.523) - 1.855
(22.459,0.149,-1.918) - 1.857
(11.175,0.912,-0.851) - 1.862
(17.225,0.038,-3.926) - 1.899
(4.513,0.380,-1.593) - 1.900
(24.806,0.822,-6.547) - 1.912
(20.741,0.749,-2.169) - 1.921
(17.060,0.134,-2.873) - 1.921
(17.100,0.542,-3.129) - 1.934
(4.655,0.445,-3.245) - 1.937
(20.460,0.350,-2.210) - 1.944
(12.366,1.030,-8.999) - 1.944
(22.290,0.819,-1.943) - 1.949
(21.903,1.076,-1.999) - 1.957
(16.746,0.160,-9.446) - 2.003
(4.465,0.825,-1.837) - 2.013
(23.193,0.443,-7.329) - 2.014
(6.990,0.061,-7.892) - 2.017
(11.960,0.284,-7.855) - 2.026
(22.923,0.892,-7.367) - 2.074
(20.988,1.255,-2.133) - 2.092
(22.772,0.616,-1.873) - 2.123
(24.687,0.193,-6.123) - 2.146
(9.349,0.411,-1.165) - 2.163
(17.033,0.887,-2.704) - 2.164
(12.024,1.042,-8.036) - 2.170
(9.414,0.697,-1.616) - 2.178
(12.168,1.331,-8.440) - 2.182
(6.058,0.022,-6.777) - 2.210
(7.280,0.244,-7.191) - 2.219
(11.671,0.022,-7.439) - 2.228
(15.077,0.952,-5.574) - 2.268
(16.924,0.114,-2.700) - 2.288
(9.276,0.138,-0.663) - 2.301
(20.260,1.237,-2.239) - 2.379
(11.839,0.835,-7.513) - 2.384
(19.872,0.749,-2.295) - 2.416
(25.975,0.341,-6.296) - 2.438
(12.292,1.820,-8.791) - 2.459
(22.572,1.551,-1.902) - 2.462
(22.885,0.274,-6.659) - 2.487
(25.672,0.879,-6.180) - 2.511
(7.569,0.075,-9.594) - 2.511
(22.845,0.611,-7.192) - 2.547
(23.459,0.409,-1.773) - 2.557
(18.363,0.130,-5.668) - 2.594
(7.332,0.156,-7.345) - 2.603
(16.335,0.470,-2.793) - 2.612
(13.094,0.340,-3.225) - 2.615
(7.801,0.290,-8.725) - 2.634
(23.160,1.326,-1.816) - 2.653
(14.793,0.349,-3.035) - 2.688
(4.311,0.460,-3.366) - 2.705
(16.714,0.624,-4.543) - 2.714
(18.433,0.278,-8.672) - 2.783
(9.487,0.028,-1.664) - 2.817
(15.146,0.967,-2.980) - 2.845
(10.177,0.229,-6.456) - 2.857
(12.132,0.143,-3.430) - 2.859
(16.918,0.286,-5.137) - 2.863
(15.742,0.601,-2.886) - 2.864
(21.737,0.201,-7.848) - 2.867
(19.459,0.834,-2.356) - 2.877
(11.917,1.986,-7.733) - 2.878
(11.561,0.646,-6.727) - 2.935
(13.188,1.821,-7.688) - 2.937
(13.453,2.057,-8.436) - 2.939
(4.519,0.443,-2.555) - 2.955
(3.632,0.119,-3.324) - 2.974
(10.108,0.149,-12.388) - 2.986
(4.643,0.060,-3.187) - 3.000
(15.837,0.391,-10.863) - 3.008
(7.790,0.184,-8.693) - 3.073
(8.177,0.092,-11.384) - 3.077
(19.620,0.216,-8.782) - 3.083
(16.431,0.248,-2.778) - 3.096
(19.322,0.403,-6.197) - 3.098
(14.743,0.248,-3.043) - 3.101
(11.684,1.737,-7.075) - 3.102
(17.154,0.811,-3.475) - 3.121
(12.082,2.611,-8.200) - 3.184
(13.117,0.575,-3.221) - 3.194
(20.172,0.979,-3.634) - 3.263
(24.548,0.457,-6.597) - 3.263
(24.100,1.217,-1.679) - 3.289
(4.105,0.232,-1.483) - 3.315
(14.305,0.436,-7.181) - 3.354
(10.317,0.471,-1.544) - 3.366
(15.166,0.875,-11.136) - 3.366
(9.327,0.641,-1.015) - 3.372
(9.510,0.270,-4.562) - 3.378
(11.207,0.507,-1.074) - 3.378
(6.612,0.034,-7.265) - 3.434
(19.618,0.275,-3.131) - 3.440
(20.389,0.554,-2.220) - 3.465
(12.920,1.359,-6.932) - 3.486
(12.815,1.893,-6.637) - 3.506
(11.104,0.984,-0.356) - 3.513
(20.945,0.141,-6.153) - 3.521
(14.674,0.177,-11.337) - 3.534
(9.937,1.244,-1.313) - 3.553
(9.310,0.785,-0.899) - 3.568
(13.083,0.181,-7.394) - 3.615
(14.831,0.367,-3.029) - 3.673
(11.583,1.388,-5.613) - 3.752
(15.235,1.170,-3.303) - 3.776
(13.636,0.151,-4.605) - 3.781
(22.659,0.156,-4.849) - 3.909
(7.742,0.315,-13.459) - 3.939
(11.284,1.702,-5.947) - 3.957
(14.224,0.647,-11.520) - 4.044
(13.550,0.202,-4.326) - 4.050
(15.710,0.855,-7.428) - 4.071
(21.713,0.208,-13.263) - 4.157
(9.322,0.335,-12.744) - 4.182
(14.650,0.886,-4.328) - 4.217
(16.387,0.678,-2.785) - 4.241
(9.388,0.129,-4.217) - 4.284
(12.953,1.087,-4.534) - 4.349
(11.460,2.186,-6.444) - 4.371
(22.155,0.044,-2.690) - 4.406
(9.361,0.842,-1.254) - 4.433
(10.527,0.135,-3.657) - 4.500
(13.463,1.240,-8.464) - 4.771
(16.915,0.863,-7.401) - 4.797
(11.934,0.144,-3.458) - 4.799
(22.016,0.144,-1.983) - 4.813
(14.181,1.406,-12.652) - 4.848
(12.327,1.271,-5.349) - 4.889
(15.448,0.147,-11.021) - 4.906
(11.826,1.432,-7.477) - 4.937
(11.372,1.656,-5.687) - 5.712
(16.071,0.114,-2.834) - 5.721
(12.222,1.897,-8.593) - 5.927
(20.139,0.179,-2.256) - 5.965
(11.569,2.451,-6.749) - 6.127
(19.749,0.994,-3.514) - 6.210
(16.818,0.628,-4.847) - 6.276
(12.624,2.542,-6.098) - 6.518
(11.801,1.045,-5.535) - 6.531
(21.206,0.873,-13.348) - 6.715
(11.377,2.158,-6.209) - 6.743
(16.515,0.135,-11.990) - 6.744
(11.412,1.299,-6.308) - 6.835
(11.713,1.667,-7.157) - 6.946
(19.531,0.213,-2.875) - 7.106
(11.901,2.300,-7.687) - 7.187
(11.491,1.162,-6.532) - 7.265
(11.921,1.390,-7.745) - 7.316
(12.401,2.684,-5.469) - 7.454
(12.223,1.798,-8.597) - 7.490
(10.315,0.156,-3.687) - 7.824
(11.814,2.305,-7.441) - 7.948
(16.478,0.177,-11.899) - 8.873
(10.637,1.322,-1.212) - 9.444
(14.885,1.545,-14.378) - 9.659
(12.561,2.429,-5.918) - 10.562
(12.357,2.248,-5.344) - 11.240
(13.936,0.974,-11.638) - 12.170
