Simulation Results:
Method: CPU
Path check-points: 8
Rays per check-point: 1000
Total Hits: 2474
Total Rays: 8000
Hit Ratio: 30.9 %%
Total polygons: 20684
Time [seconds]: 4.178
Time [millisec]: 4178
Time [microsec]: 4178315

List of all Hit points (sorted by length of ray)
Format: (x,y,z) - length :
(15.829,0.008,-7.776) - 0.369
(15.839,0.020,-7.805) - 0.370
(15.823,0.028,-7.758) - 0.370
(15.832,0.041,-7.787) - 0.371
(15.813,0.016,-7.729) - 0.373
(15.826,0.062,-7.769) - 0.374
(15.849,0.033,-7.834) - 0.374
(15.842,0.054,-7.816) - 0.374
(15.816,0.049,-7.740) - 0.374
(15.855,0.013,-7.852) - 0.376
(15.836,0.075,-7.798) - 0.376
(15.806,0.037,-7.710) - 0.378
(8.013,0.014,-4.365) - 0.379
(15.802,0.003,-7.699) - 0.379
(8.023,0.002,-4.395) - 0.379
(15.820,0.083,-7.751) - 0.379
(8.019,0.035,-4.384) - 0.380
(15.852,0.068,-7.845) - 0.380
(15.810,0.071,-7.722) - 0.381
(15.830,0.097,-7.780) - 0.381
(15.859,0.047,-7.864) - 0.381
(8.003,0.027,-4.336) - 0.381
(8.029,0.023,-4.414) - 0.381
(8.009,0.049,-4.354) - 0.382
(15.846,0.089,-7.827) - 0.382
(7.997,0.007,-4.317) - 0.383
(8.026,0.057,-4.402) - 0.384
(15.865,0.026,-7.883) - 0.384
(8.015,0.070,-4.372) - 0.385
(15.796,0.024,-7.680) - 0.385
(15.800,0.059,-7.691) - 0.385
(8.040,0.010,-4.444) - 0.386
(15.840,0.111,-7.809) - 0.386
(8.036,0.044,-4.432) - 0.386
(7.999,0.062,-4.324) - 0.387
(15.814,0.106,-7.733) - 0.387
(7.993,0.041,-4.305) - 0.387
(15.824,0.120,-7.762) - 0.388
(8.005,0.084,-4.343) - 0.389
(15.804,0.094,-7.703) - 0.389
(8.032,0.079,-4.421) - 0.390
(15.872,0.005,-7.902) - 0.390
(7.986,0.020,-4.286) - 0.390
(8.022,0.092,-4.391) - 0.390
(15.863,0.083,-7.875) - 0.390
(15.856,0.104,-7.856) - 0.391
(8.046,0.031,-4.463) - 0.391
(15.869,0.062,-7.895) - 0.392
(15.834,0.135,-7.791) - 0.392
(8.042,0.066,-4.451) - 0.393
(15.789,0.046,-7.660) - 0.393
(8.012,0.107,-4.361) - 0.393
(15.850,0.127,-7.838) - 0.394
(15.793,0.082,-7.672) - 0.395
(15.785,0.011,-7.647) - 0.395
(7.989,0.077,-4.294) - 0.395
(7.995,0.099,-4.313) - 0.396
(15.876,0.040,-7.915) - 0.396
(7.982,0.055,-4.274) - 0.396
(15.808,0.131,-7.715) - 0.397
(15.818,0.145,-7.744) - 0.398
(8.038,0.103,-4.439) - 0.398
(8.053,0.054,-4.483) - 0.399
(7.975,0.034,-4.254) - 0.400
(8.057,0.018,-4.495) - 0.400
(15.844,0.151,-7.820) - 0.400
(15.797,0.119,-7.684) - 0.401
(15.828,0.160,-7.773) - 0.402
(8.049,0.090,-4.471) - 0.402
(15.883,0.019,-7.935) - 0.403
(15.867,0.121,-7.887) - 0.404
(15.874,0.099,-7.907) - 0.404
(15.782,0.070,-7.640) - 0.404
(15.778,0.034,-7.627) - 0.405
(15.860,0.145,-7.868) - 0.406
(7.968,0.012,-4.233) - 0.406
(15.881,0.078,-7.927) - 0.407
(7.978,0.093,-4.262) - 0.407
(15.787,0.107,-7.652) - 0.407
(15.838,0.177,-7.802) - 0.409
(7.971,0.071,-4.242) - 0.409
(8.064,0.041,-4.516) - 0.409
(8.060,0.078,-4.503) - 0.410
(15.812,0.172,-7.726) - 0.411
(15.801,0.158,-7.696) - 0.411
(15.854,0.169,-7.849) - 0.412
(15.888,0.056,-7.949) - 0.412
(8.069,0.005,-4.529) - 0.413
(7.964,0.049,-4.220) - 0.414
(15.822,0.188,-7.755) - 0.414
(15.791,0.146,-7.665) - 0.415
(15.770,0.058,-7.605) - 0.417
(15.775,0.095,-7.618) - 0.418
(15.878,0.141,-7.919) - 0.420
(15.848,0.196,-7.831) - 0.421
(15.896,0.034,-7.971) - 0.421
(15.765,0.021,-7.591) - 0.421
(8.072,0.066,-4.538) - 0.421
(15.885,0.118,-7.941) - 0.422
(15.832,0.205,-7.784) - 0.422
(7.956,0.027,-4.198) - 0.422
(15.871,0.165,-7.899) - 0.422
(15.779,0.134,-7.632) - 0.423
(8.067,0.104,-4.524) - 0.424
(8.076,0.028,-4.552) - 0.424
(15.893,0.096,-7.963) - 0.426
(7.959,0.089,-4.207) - 0.426
(15.864,0.190,-7.880) - 0.427
(15.805,0.203,-7.708) - 0.428
(15.795,0.189,-7.677) - 0.429
(15.816,0.219,-7.737) - 0.431
(15.904,0.011,-7.995) - 0.432
(7.948,0.004,-4.175) - 0.432
(7.951,0.066,-4.184) - 0.433
(15.901,0.074,-7.986) - 0.433
(15.762,0.084,-7.582) - 0.433
(15.841,0.226,-7.813) - 0.433
(15.784,0.176,-7.644) - 0.433
(15.767,0.123,-7.596) - 0.435
(15.757,0.046,-7.567) - 0.435
(15.858,0.218,-7.861) - 0.436
(8.079,0.092,-4.560) - 0.437
(8.084,0.053,-4.575) - 0.438
(15.826,0.238,-7.766) - 0.439
(15.752,0.007,-7.551) - 0.442
(15.890,0.163,-7.954) - 0.442
(7.943,0.043,-4.160) - 0.442
(15.772,0.165,-7.610) - 0.443
(8.089,0.015,-4.590) - 0.443
(15.882,0.188,-7.932) - 0.443
(15.909,0.051,-8.010) - 0.443
(15.897,0.140,-7.977) - 0.445
(15.875,0.215,-7.912) - 0.448
(15.799,0.238,-7.689) - 0.449
(15.852,0.249,-7.842) - 0.449
(15.906,0.117,-8.001) - 0.450
(15.788,0.223,-7.657) - 0.450
(15.835,0.260,-7.795) - 0.451
(15.754,0.113,-7.557) - 0.453
(15.809,0.255,-7.719) - 0.453
(15.749,0.073,-7.541) - 0.453
(8.093,0.081,-4.600) - 0.455
(7.935,0.020,-4.134) - 0.455
(15.777,0.210,-7.624) - 0.456
(15.759,0.154,-7.573) - 0.457
(15.868,0.244,-7.892) - 0.457
(7.938,0.085,-4.144) - 0.457
(15.918,0.027,-8.037) - 0.457
(8.098,0.040,-4.616) - 0.459
(15.743,0.033,-7.525) - 0.459
(15.914,0.094,-8.027) - 0.460
(15.819,0.275,-7.748) - 0.461
(15.764,0.199,-7.587) - 0.467
(15.845,0.286,-7.824) - 0.468
(7.929,0.062,-4.118) - 0.469
(15.902,0.189,-7.991) - 0.470
(15.894,0.215,-7.968) - 0.470
(15.862,0.277,-7.873) - 0.471
(15.924,0.070,-8.054) - 0.473
(15.911,0.165,-8.016) - 0.474
(15.887,0.243,-7.946) - 0.474
(15.928,0.002,-8.065) - 0.475
(15.829,0.300,-7.777) - 0.475
(15.739,0.102,-7.514) - 0.476
(15.745,0.145,-7.531) - 0.476
(15.792,0.279,-7.669) - 0.477
(15.781,0.263,-7.637) - 0.478
(8.108,0.069,-4.644) - 0.479
(15.733,0.061,-7.496) - 0.480
(15.803,0.297,-7.700) - 0.481
(15.920,0.141,-8.043) - 0.482
(15.751,0.190,-7.548) - 0.483
(15.880,0.275,-7.924) - 0.484
(7.919,0.037,-4.089) - 0.484
(15.769,0.250,-7.601) - 0.484
(13.447,0.018,-4.025) - 0.486
(8.114,0.026,-4.662) - 0.487
(13.460,0.002,-4.063) - 0.487
(7.923,0.108,-4.100) - 0.488
(13.455,0.045,-4.049) - 0.488
(15.934,0.046,-8.084) - 0.490
(15.727,0.018,-7.477) - 0.490
(13.468,0.029,-4.087) - 0.490
(13.434,0.035,-3.987) - 0.490
(13.442,0.062,-4.011) - 0.491
(15.813,0.320,-7.730) - 0.491
(15.855,0.317,-7.854) - 0.492
(13.425,0.008,-3.963) - 0.492
(13.463,0.073,-4.072) - 0.493
(15.930,0.117,-8.072) - 0.494
(13.450,0.090,-4.034) - 0.494
(15.839,0.329,-7.806) - 0.494
(13.481,0.012,-4.126) - 0.495
(13.476,0.056,-4.111) - 0.496
(15.756,0.239,-7.563) - 0.496
(13.429,0.080,-3.972) - 0.497
(13.420,0.053,-3.948) - 0.498
(15.873,0.311,-7.904) - 0.499
(13.437,0.108,-3.996) - 0.500
(13.471,0.102,-4.096) - 0.500
(13.458,0.119,-4.058) - 0.501
(13.412,0.026,-3.924) - 0.501
(13.490,0.040,-4.150) - 0.502
(7.913,0.083,-4.070) - 0.503
(15.729,0.136,-7.485) - 0.503
(15.908,0.248,-8.007) - 0.504
(8.118,0.100,-4.674) - 0.504
(7.909,0.011,-4.058) - 0.504
(13.484,0.085,-4.135) - 0.504
(15.917,0.221,-8.033) - 0.505
(13.445,0.137,-4.020) - 0.505
(15.736,0.181,-7.503) - 0.505
(15.723,0.092,-7.465) - 0.506
(15.823,0.348,-7.759) - 0.507
(15.899,0.278,-7.982) - 0.508
(13.415,0.099,-3.933) - 0.508
(13.423,0.127,-3.957) - 0.509
(13.407,0.071,-3.908) - 0.510
(15.941,0.093,-8.104) - 0.510
(13.466,0.149,-4.081) - 0.511
(15.926,0.195,-8.061) - 0.511
(8.125,0.056,-4.694) - 0.511
(15.945,0.020,-8.117) - 0.511
(13.479,0.132,-4.120) - 0.511
(15.786,0.327,-7.649) - 0.512
(13.498,0.069,-4.176) - 0.512
(15.774,0.310,-7.615) - 0.513
(13.504,0.024,-4.192) - 0.513
(13.432,0.157,-3.981) - 0.514
(13.453,0.168,-4.043) - 0.514
(13.398,0.044,-3.882) - 0.514
(15.742,0.231,-7.521) - 0.515
(15.715,0.047,-7.444) - 0.515
(13.493,0.116,-4.160) - 0.516
(15.891,0.312,-7.959) - 0.518
(15.797,0.349,-7.681) - 0.518
(15.761,0.297,-7.578) - 0.520
(15.849,0.364,-7.835) - 0.521
(15.937,0.170,-8.091) - 0.521
(13.440,0.188,-4.005) - 0.522
(15.866,0.354,-7.884) - 0.522
(13.389,0.016,-3.856) - 0.522
(8.132,0.010,-4.715) - 0.523
(13.401,0.120,-3.892) - 0.523
(13.410,0.149,-3.918) - 0.524
(13.474,0.182,-4.105) - 0.524
(13.513,0.053,-4.218) - 0.525
(13.488,0.165,-4.145) - 0.526
(13.507,0.100,-4.202) - 0.526
(13.392,0.092,-3.866) - 0.526
(13.461,0.201,-4.067) - 0.527
(13.418,0.179,-3.942) - 0.527
(15.708,0.002,-7.422) - 0.529
(13.519,0.006,-4.235) - 0.530
(15.833,0.382,-7.788) - 0.531
(15.953,0.068,-8.138) - 0.531
(15.807,0.376,-7.712) - 0.531
(13.502,0.148,-4.186) - 0.532
(13.383,0.063,-3.839) - 0.533
(15.747,0.286,-7.537) - 0.533
(13.448,0.222,-4.029) - 0.534
(13.427,0.211,-3.967) - 0.535
(15.884,0.352,-7.937) - 0.535
(15.718,0.174,-7.452) - 0.536
(15.948,0.146,-8.125) - 0.537
(15.711,0.127,-7.431) - 0.538
(8.136,0.089,-4.728) - 0.540
(13.522,0.084,-4.246) - 0.541
(15.725,0.224,-7.473) - 0.541
(13.482,0.218,-4.129) - 0.541
(13.373,0.035,-3.810) - 0.543
(13.396,0.173,-3.876) - 0.543
(13.517,0.133,-4.229) - 0.543
(13.529,0.036,-4.264) - 0.543
(13.469,0.237,-4.090) - 0.544
(13.386,0.143,-3.849) - 0.544
(13.496,0.200,-4.170) - 0.544
(13.404,0.204,-3.902) - 0.546
(15.703,0.080,-7.408) - 0.546
(15.922,0.287,-8.050) - 0.546
(13.435,0.245,-3.990) - 0.547
(13.377,0.114,-3.821) - 0.549
(15.933,0.259,-8.079) - 0.549
(15.913,0.320,-8.023) - 0.550
(13.456,0.259,-4.052) - 0.551
(8.144,0.041,-4.751) - 0.552
(13.511,0.184,-4.212) - 0.552
(15.817,0.409,-7.741) - 0.552
(13.413,0.237,-3.927) - 0.553
(14.431,0.012,-3.690) - 0.554
(15.732,0.279,-7.492) - 0.555
(14.446,0.031,-3.734) - 0.556
(13.363,0.005,-3.780) - 0.556
(15.859,0.408,-7.865) - 0.557
(13.367,0.085,-3.792) - 0.557
(14.422,0.042,-3.663) - 0.557
(15.944,0.232,-8.112) - 0.558
(14.437,0.061,-3.707) - 0.558
(15.766,0.368,-7.593) - 0.558
(15.961,0.121,-8.162) - 0.558
(15.966,0.041,-8.177) - 0.558
(15.778,0.388,-7.629) - 0.559
(13.532,0.118,-4.275) - 0.560
(15.695,0.033,-7.384) - 0.560
(14.407,0.024,-3.619) - 0.561
(15.904,0.357,-7.997) - 0.561
(13.539,0.068,-4.294) - 0.561
(14.428,0.093,-3.680) - 0.562
(15.877,0.400,-7.917) - 0.562
(14.461,0.050,-3.777) - 0.563
(14.452,0.081,-3.750) - 0.563
(14.413,0.074,-3.636) - 0.563
(13.443,0.284,-4.014) - 0.563
(15.843,0.425,-7.817) - 0.564
(13.491,0.258,-4.154) - 0.564
(13.422,0.273,-3.952) - 0.564
(15.753,0.354,-7.554) - 0.565
(13.526,0.170,-4.257) - 0.565
(14.471,0.019,-3.805) - 0.566
(13.477,0.278,-4.114) - 0.566
(14.443,0.113,-3.723) - 0.566
(13.505,0.240,-4.196) - 0.568
(13.546,0.019,-4.313) - 0.568
(13.380,0.200,-3.832) - 0.568
(14.398,0.055,-3.592) - 0.568
(15.790,0.414,-7.662) - 0.568
(13.356,0.056,-3.761) - 0.569
(14.392,0.005,-3.574) - 0.570
(13.390,0.232,-3.860) - 0.570
(14.419,0.125,-3.653) - 0.570
(13.371,0.169,-3.803) - 0.571
(15.956,0.207,-8.147) - 0.572
(14.404,0.106,-3.609) - 0.572
(14.467,0.102,-3.794) - 0.572
(14.434,0.146,-3.696) - 0.573
(13.464,0.301,-4.076) - 0.573
(14.477,0.071,-3.822) - 0.574
(20.696,0.155,-6.262) - 0.575
(14.458,0.134,-3.767) - 0.575
(13.399,0.266,-3.886) - 0.577
(13.520,0.224,-4.239) - 0.577
(15.706,0.219,-7.417) - 0.577
(15.698,0.168,-7.393) - 0.577
(13.360,0.140,-3.773) - 0.577
(20.689,0.105,-6.239) - 0.578
(14.487,0.039,-3.851) - 0.578
(14.382,0.036,-3.546) - 0.579
(14.388,0.088,-3.563) - 0.579
(15.738,0.343,-7.510) - 0.580
(14.449,0.167,-3.740) - 0.581
(15.896,0.402,-7.973) - 0.581
(13.430,0.313,-3.976) - 0.582
(14.409,0.160,-3.626) - 0.582
(15.827,0.452,-7.770) - 0.583
(13.550,0.103,-4.326) - 0.583
(14.424,0.180,-3.670) - 0.584
(13.543,0.155,-4.306) - 0.584
(15.689,0.118,-7.367) - 0.584
(15.714,0.274,-7.439) - 0.585
(14.394,0.141,-3.581) - 0.585
(15.975,0.095,-8.203) - 0.585
(13.345,0.025,-3.728) - 0.586
(13.451,0.328,-4.038) - 0.586
(14.497,0.008,-3.880) - 0.587
(15.801,0.447,-7.693) - 0.587
(14.483,0.124,-3.840) - 0.587
(8.158,0.076,-4.792) - 0.587
(13.349,0.110,-3.741) - 0.588
(14.473,0.157,-3.812) - 0.588
(13.408,0.304,-3.912) - 0.588
(13.557,0.052,-4.346) - 0.588
(14.493,0.093,-3.869) - 0.590
(14.439,0.202,-3.713) - 0.590
(14.372,0.070,-3.516) - 0.591
(15.981,0.011,-8.220) - 0.592
(13.536,0.210,-4.287) - 0.592
(13.500,0.303,-4.179) - 0.592
(15.969,0.181,-8.187) - 0.593
(14.464,0.191,-3.784) - 0.593
(14.378,0.123,-3.535) - 0.594
(14.365,0.017,-3.497) - 0.594
(13.486,0.324,-4.139) - 0.594
(14.503,0.061,-3.899) - 0.596
(13.514,0.285,-4.222) - 0.597
(14.400,0.197,-3.598) - 0.598
(14.415,0.218,-3.643) - 0.598
(15.680,0.068,-7.340) - 0.599
(13.364,0.232,-3.785) - 0.601
(15.939,0.337,-8.099) - 0.601
(13.374,0.265,-3.815) - 0.601
(14.454,0.227,-3.757) - 0.602
(13.472,0.349,-4.099) - 0.602
(14.384,0.178,-3.553) - 0.602
(13.337,0.080,-3.706) - 0.604
(15.721,0.337,-7.460) - 0.604
(15.929,0.372,-8.068) - 0.604
(14.430,0.241,-3.686) - 0.604
(15.870,0.464,-7.896) - 0.604
(13.353,0.200,-3.753) - 0.605
(8.168,0.025,-4.820) - 0.605
(13.438,0.359,-4.000) - 0.605
(15.951,0.306,-8.133) - 0.606
(13.416,0.347,-3.937) - 0.606
(14.514,0.029,-3.930) - 0.607
(14.489,0.183,-3.858) - 0.607
(13.384,0.301,-3.843) - 0.607
(13.530,0.270,-4.268) - 0.607
(14.361,0.105,-3.486) - 0.608
(14.499,0.149,-3.888) - 0.608
(15.853,0.480,-7.847) - 0.609
(14.355,0.051,-3.466) - 0.609
(20.744,0.131,-6.242) - 0.610
(13.561,0.142,-4.359) - 0.611
(14.479,0.218,-3.829) - 0.611
(14.510,0.117,-3.918) - 0.612
(20.684,0.199,-6.225) - 0.612
(14.368,0.160,-3.505) - 0.612
(13.554,0.197,-4.338) - 0.614
(13.342,0.169,-3.720) - 0.614
(13.569,0.088,-4.382) - 0.614
(20.675,0.145,-6.200) - 0.614
(15.889,0.459,-7.951) - 0.615
(14.445,0.266,-3.730) - 0.616
(13.459,0.379,-4.061) - 0.617
(15.919,0.413,-8.039) - 0.617
(15.811,0.491,-7.723) - 0.617
(15.758,0.442,-7.569) - 0.617
(20.692,0.256,-6.248) - 0.618
(14.406,0.259,-3.615) - 0.618
(15.964,0.278,-8.171) - 0.618
(14.390,0.238,-3.570) - 0.618
(20.725,0.222,-6.250) - 0.619
(14.469,0.255,-3.801) - 0.619
(13.393,0.341,-3.870) - 0.619
(15.991,0.066,-8.250) - 0.620
(15.670,0.015,-7.310) - 0.620
(14.521,0.084,-3.951) - 0.620
(15.984,0.156,-8.231) - 0.621
(15.771,0.466,-7.607) - 0.622
(15.744,0.424,-7.527) - 0.623
(14.421,0.282,-3.659) - 0.623
(20.666,0.092,-6.174) - 0.624
(13.325,0.048,-3.670) - 0.624
(13.577,0.034,-4.405) - 0.624
(14.374,0.219,-3.523) - 0.624
(15.683,0.216,-7.351) - 0.625
(13.547,0.256,-4.318) - 0.625
(15.693,0.273,-7.377) - 0.627
(14.343,0.087,-3.433) - 0.628
(15.837,0.508,-7.799) - 0.628
(13.330,0.139,-3.684) - 0.628
(14.350,0.143,-3.454) - 0.628
(13.509,0.356,-4.206) - 0.629
(13.494,0.379,-4.164) - 0.631
(15.673,0.162,-7.322) - 0.632
(19.551,0.013,-2.932) - 0.632
(13.425,0.396,-3.961) - 0.632
(14.506,0.212,-3.906) - 0.633
(14.336,0.032,-3.412) - 0.633
(14.460,0.295,-3.773) - 0.633
(14.532,0.051,-3.984) - 0.633
(13.524,0.338,-4.250) - 0.633
(19.567,0.035,-2.981) - 0.634
(14.517,0.178,-3.938) - 0.635
(14.436,0.309,-3.703) - 0.635
(19.540,0.048,-2.901) - 0.635
(14.495,0.248,-3.876) - 0.635
(19.557,0.070,-2.951) - 0.635
(14.357,0.202,-3.474) - 0.636
(15.978,0.252,-8.214) - 0.638
(13.446,0.414,-4.023) - 0.638
(15.783,0.500,-7.641) - 0.639
(13.402,0.387,-3.896) - 0.639
(15.728,0.414,-7.480) - 0.639
(15.701,0.335,-7.402) - 0.639
(19.523,0.027,-2.851) - 0.639
(13.480,0.407,-4.124) - 0.640
(19.547,0.106,-2.920) - 0.641
(14.528,0.144,-3.971) - 0.641
(19.585,0.057,-3.031) - 0.641
(13.358,0.304,-3.766) - 0.641
(19.574,0.092,-3.000) - 0.641
(15.910,0.465,-8.013) - 0.642
(19.530,0.084,-2.870) - 0.642
(13.346,0.270,-3.733) - 0.642
(14.485,0.286,-3.847) - 0.643
(14.396,0.305,-3.588) - 0.643
(13.574,0.185,-4.396) - 0.644
(14.380,0.284,-3.541) - 0.644
(19.595,0.022,-3.063) - 0.645
(19.563,0.128,-2.969) - 0.645
(13.540,0.322,-4.298) - 0.645
(5.691,0.014,-5.697) - 0.645
(13.582,0.128,-4.420) - 0.646
(15.663,0.109,-7.290) - 0.646
(13.368,0.343,-3.796) - 0.647
(13.316,0.107,-3.645) - 0.647
(5.708,0.036,-5.748) - 0.647
(19.512,0.063,-2.820) - 0.648
(13.334,0.237,-3.698) - 0.648
(14.412,0.330,-3.632) - 0.649
(5.680,0.049,-5.666) - 0.649
(5.698,0.071,-5.717) - 0.649
(13.311,0.014,-3.629) - 0.649
(19.506,0.005,-2.800) - 0.649
(20.707,0.327,-6.258) - 0.650
(19.536,0.143,-2.889) - 0.650
(8.185,0.062,-4.870) - 0.650
(13.566,0.244,-4.373) - 0.650
(14.545,0.017,-4.020) - 0.650
(14.332,0.126,-3.399) - 0.651
(14.364,0.265,-3.493) - 0.652
(14.540,0.111,-4.006) - 0.652
(14.451,0.340,-3.746) - 0.652
(19.591,0.116,-3.051) - 0.652
(19.519,0.121,-2.839) - 0.652
(19.553,0.166,-2.939) - 0.653
(5.663,0.027,-5.615) - 0.653
(19.602,0.080,-3.082) - 0.654
(13.591,0.071,-4.445) - 0.654
(14.339,0.185,-3.420) - 0.655
(14.324,0.069,-3.376) - 0.655
(5.687,0.108,-5.686) - 0.655
(5.726,0.058,-5.799) - 0.655
(19.580,0.153,-3.019) - 0.655
(5.715,0.094,-5.768) - 0.655
(5.670,0.086,-5.635) - 0.656
(14.475,0.328,-3.818) - 0.656
(20.800,0.105,-6.217) - 0.656
(16.002,0.129,-8.282) - 0.657
(13.467,0.440,-4.085) - 0.657
(20.777,0.200,-6.227) - 0.658
(5.736,0.022,-5.831) - 0.658
(20.670,0.250,-6.185) - 0.658
(20.661,0.192,-6.157) - 0.659
(19.613,0.045,-3.115) - 0.659
(13.378,0.386,-3.826) - 0.659
(19.494,0.042,-2.767) - 0.660
(14.427,0.358,-3.676) - 0.660
(19.501,0.100,-2.787) - 0.660
(13.322,0.205,-3.660) - 0.660
(19.570,0.190,-2.988) - 0.661
(5.652,0.064,-5.583) - 0.662
(15.821,0.550,-7.753) - 0.663
(19.526,0.182,-2.858) - 0.663
(5.645,0.005,-5.563) - 0.664
(16.009,0.035,-8.303) - 0.664
(14.316,0.011,-3.353) - 0.664
(19.543,0.206,-2.908) - 0.665
(14.523,0.245,-3.958) - 0.665
(13.559,0.309,-4.351) - 0.665
(14.346,0.248,-3.441) - 0.665
(15.995,0.227,-8.262) - 0.666
(15.709,0.409,-7.426) - 0.667
(14.512,0.283,-3.926) - 0.667
(20.651,0.135,-6.128) - 0.667
(19.508,0.161,-2.807) - 0.667
(5.743,0.082,-5.852) - 0.667
(14.553,0.077,-4.043) - 0.667
(13.411,0.441,-3.921) - 0.668
(20.679,0.313,-6.210) - 0.668
(19.625,0.009,-3.149) - 0.668
(15.881,0.535,-7.929) - 0.668
(20.764,0.084,-6.174) - 0.668
(13.433,0.456,-3.985) - 0.669
(15.794,0.546,-7.674) - 0.669
(19.609,0.142,-3.102) - 0.669
(14.535,0.210,-3.993) - 0.669
(15.651,0.053,-7.256) - 0.669
(13.600,0.013,-4.472) - 0.670
(19.598,0.179,-3.070) - 0.670
(15.863,0.551,-7.877) - 0.671
(15.959,0.399,-8.156) - 0.672
(19.620,0.106,-3.136) - 0.672
(13.302,0.075,-3.603) - 0.672
(19.559,0.231,-2.958) - 0.673
(5.755,0.046,-5.885) - 0.673
(19.483,0.080,-2.733) - 0.674
(14.502,0.323,-3.895) - 0.674
(5.634,0.042,-5.529) - 0.674
(15.946,0.438,-8.120) - 0.674
(5.641,0.103,-5.550) - 0.675
(13.518,0.420,-4.233) - 0.675
(19.587,0.218,-3.038) - 0.676
(14.387,0.358,-3.559) - 0.676
(14.466,0.375,-3.790) - 0.676
(19.490,0.140,-2.754) - 0.677
(8.196,0.005,-4.905) - 0.677
(19.476,0.020,-2.712) - 0.677
(14.370,0.335,-3.512) - 0.677
(14.548,0.176,-4.029) - 0.678
(14.441,0.391,-3.719) - 0.679
(13.503,0.445,-4.189) - 0.679
(13.308,0.173,-3.619) - 0.679
(20.756,0.304,-6.236) - 0.679
(19.632,0.069,-3.170) - 0.679
(13.534,0.400,-4.279) - 0.680
(15.973,0.366,-8.197) - 0.680
(14.319,0.169,-3.362) - 0.680
(13.388,0.436,-3.853) - 0.681
(14.402,0.384,-3.605) - 0.681
(19.515,0.225,-2.827) - 0.681
(14.311,0.109,-3.338) - 0.682
(19.532,0.248,-2.878) - 0.682
(5.766,0.009,-5.919) - 0.682
(13.454,0.480,-4.047) - 0.683
(15.901,0.533,-7.988) - 0.684
(15.667,0.274,-7.302) - 0.684
(13.596,0.173,-4.462) - 0.684
(13.587,0.234,-4.435) - 0.685
(14.353,0.316,-3.461) - 0.686
(19.576,0.259,-3.007) - 0.686
(5.762,0.108,-5.906) - 0.686
(14.327,0.232,-3.385) - 0.687
(19.497,0.203,-2.775) - 0.687
(14.491,0.367,-3.865) - 0.687
(14.566,0.041,-4.083) - 0.688
(19.549,0.274,-2.927) - 0.689
(5.622,0.081,-5.495) - 0.689
(15.677,0.338,-7.333) - 0.689
(15.935,0.485,-8.087) - 0.689
(15.656,0.215,-7.269) - 0.690
(20.687,0.385,-6.234) - 0.690
(14.302,0.049,-3.313) - 0.690
(19.644,0.032,-3.206) - 0.691
(13.489,0.477,-4.148) - 0.691
(15.847,0.582,-7.828) - 0.691
(13.339,0.352,-3.712) - 0.691
(13.606,0.113,-4.489) - 0.692
(19.616,0.208,-3.123) - 0.692
(14.561,0.141,-4.068) - 0.692
(19.627,0.170,-3.157) - 0.692
(5.615,0.020,-5.473) - 0.692
(19.471,0.120,-2.698) - 0.693
(13.551,0.384,-4.331) - 0.693
(5.774,0.071,-5.941) - 0.693
(13.327,0.315,-3.675) - 0.694
(14.417,0.414,-3.649) - 0.694
(19.463,0.058,-2.676) - 0.694
(13.579,0.299,-4.411) - 0.695
(19.605,0.248,-3.090) - 0.696
(13.351,0.393,-3.746) - 0.696
(19.639,0.133,-3.192) - 0.697
(15.988,0.338,-8.243) - 0.698
(19.478,0.183,-2.720) - 0.698
(15.749,0.539,-7.544) - 0.699
(15.734,0.516,-7.499) - 0.701
(19.566,0.303,-2.977) - 0.701
(14.334,0.300,-3.407) - 0.702
(16.022,0.099,-8.341) - 0.703
(13.292,0.141,-3.574) - 0.703
(13.313,0.281,-3.635) - 0.703
(13.286,0.039,-3.556) - 0.704
(16.014,0.201,-8.317) - 0.704
(19.521,0.295,-2.846) - 0.705
(14.456,0.430,-3.763) - 0.705
(19.504,0.271,-2.795) - 0.705
(5.786,0.033,-5.977) - 0.705
(8.204,0.106,-4.928) - 0.705
(15.643,0.157,-7.233) - 0.705
(19.594,0.290,-3.058) - 0.706
(13.616,0.053,-4.519) - 0.707
(19.652,0.096,-3.228) - 0.707
(14.543,0.285,-4.015) - 0.707
(14.531,0.324,-3.979) - 0.707
(15.687,0.410,-7.361) - 0.708
(20.840,0.176,-6.199) - 0.709
(14.481,0.417,-3.836) - 0.709
(5.602,0.060,-5.436) - 0.709
(13.420,0.508,-3.946) - 0.710
(13.362,0.440,-3.778) - 0.710
(19.539,0.322,-2.897) - 0.711
(14.575,0.106,-4.109) - 0.712
(19.486,0.250,-2.741) - 0.712
(15.763,0.573,-7.584) - 0.713
(20.644,0.247,-6.109) - 0.713
(14.556,0.248,-4.052) - 0.713
(13.475,0.516,-4.109) - 0.713
(14.519,0.366,-3.946) - 0.714
(13.397,0.496,-3.880) - 0.714
(14.432,0.451,-3.693) - 0.714
(14.581,0.004,-4.126) - 0.715
(14.297,0.154,-3.297) - 0.715
(20.654,0.311,-6.140) - 0.715
(13.571,0.372,-4.387) - 0.716
(19.450,0.099,-2.638) - 0.716
(14.305,0.218,-3.323) - 0.716
(19.459,0.163,-2.662) - 0.717
(15.717,0.503,-7.447) - 0.717
(14.377,0.419,-3.530) - 0.717
(15.805,0.611,-7.705) - 0.718
(14.360,0.395,-3.481) - 0.719
(13.298,0.248,-3.592) - 0.720
(20.815,0.283,-6.210) - 0.720
(13.441,0.531,-4.009) - 0.720
(19.635,0.241,-3.178) - 0.720
(15.925,0.547,-8.057) - 0.720
(20.633,0.185,-6.076) - 0.721
(19.583,0.336,-3.027) - 0.721
(19.665,0.058,-3.267) - 0.721
(5.794,0.098,-6.001) - 0.721
(19.442,0.036,-2.614) - 0.721
(14.287,0.091,-3.270) - 0.722
(19.647,0.202,-3.214) - 0.723
(19.556,0.352,-2.946) - 0.723
(14.793,0.027,-8.119) - 0.723
(19.623,0.282,-3.144) - 0.724
(14.812,0.003,-8.175) - 0.724
(14.393,0.447,-3.577) - 0.724
(14.570,0.212,-4.093) - 0.725
(19.466,0.230,-2.685) - 0.725
(16.006,0.311,-8.295) - 0.726
(14.314,0.285,-3.347) - 0.726
(14.805,0.068,-8.154) - 0.726
(14.508,0.413,-3.914) - 0.728
(14.825,0.043,-8.211) - 0.728
(14.342,0.376,-3.428) - 0.728
(14.774,0.052,-8.062) - 0.729
(14.786,0.093,-8.097) - 0.730
(19.660,0.164,-3.252) - 0.730
(20.664,0.383,-6.168) - 0.730
(20.736,0.432,-6.245) - 0.730
(15.629,0.098,-7.192) - 0.731
(13.612,0.225,-4.507) - 0.731
(5.589,0.102,-5.398) - 0.732
(15.831,0.632,-7.781) - 0.732
(14.761,0.012,-8.026) - 0.732
(19.611,0.326,-3.110) - 0.732
(14.817,0.108,-8.189) - 0.733
(19.511,0.348,-2.815) - 0.733
(13.602,0.292,-4.479) - 0.735
(19.493,0.323,-2.762) - 0.735
(13.372,0.495,-3.808) - 0.735
(14.798,0.134,-8.132) - 0.735
(8.218,0.046,-4.968) - 0.735
(13.528,0.498,-4.261) - 0.735
(13.275,0.107,-3.525) - 0.735
(5.807,0.060,-6.040) - 0.736
(14.278,0.027,-3.242) - 0.736
(14.844,0.018,-8.268) - 0.736
(14.837,0.084,-8.246) - 0.737
(14.591,0.069,-4.154) - 0.737
(20.620,0.124,-6.040) - 0.737
(13.623,0.161,-4.538) - 0.737
(5.581,0.037,-5.373) - 0.738
(13.545,0.475,-4.310) - 0.739
(14.408,0.482,-3.622) - 0.739
(14.766,0.119,-8.040) - 0.739
(19.528,0.376,-2.866) - 0.739
(14.472,0.476,-3.807) - 0.740
(14.754,0.078,-8.004) - 0.740
(19.679,0.019,-3.308) - 0.740
(13.512,0.527,-4.216) - 0.742
(19.673,0.126,-3.292) - 0.742
(19.437,0.144,-2.599) - 0.743
(19.572,0.387,-2.996) - 0.743
(14.778,0.160,-8.075) - 0.743
(19.474,0.302,-2.707) - 0.743
(14.585,0.177,-4.137) - 0.743
(13.268,0.001,-3.504) - 0.744
(13.282,0.215,-3.544) - 0.744
(14.447,0.495,-3.736) - 0.744
(14.829,0.151,-8.224) - 0.744
(15.776,0.624,-7.620) - 0.744
(14.810,0.176,-8.167) - 0.745
(14.741,0.038,-7.968) - 0.745
(20.660,0.084,-6.039) - 0.745
(14.322,0.360,-3.371) - 0.746
(19.445,0.211,-2.624) - 0.746
(19.428,0.078,-2.573) - 0.747
(14.857,0.060,-8.305) - 0.747
(13.462,0.566,-4.070) - 0.747
(19.600,0.374,-3.078) - 0.748
(15.696,0.500,-7.387) - 0.748
(13.593,0.364,-4.451) - 0.749
(14.849,0.127,-8.282) - 0.750
(14.498,0.468,-3.883) - 0.751
(14.790,0.204,-8.111) - 0.751
(13.634,0.098,-4.571) - 0.752
(19.545,0.408,-2.916) - 0.752
(13.563,0.458,-4.365) - 0.753
(14.746,0.147,-7.982) - 0.755
(13.318,0.410,-3.651) - 0.755
(5.822,0.020,-6.082) - 0.756
(15.893,0.631,-7.965) - 0.756
(14.281,0.204,-3.253) - 0.756
(14.758,0.189,-8.018) - 0.757
(19.655,0.280,-3.237) - 0.758
(19.419,0.012,-2.547) - 0.758
(14.733,0.106,-7.945) - 0.758
(14.551,0.373,-4.038) - 0.758
(20.791,0.407,-6.221) - 0.758
(15.648,0.346,-7.247) - 0.758
(15.874,0.649,-7.909) - 0.758
(19.454,0.282,-2.648) - 0.759
(14.822,0.222,-8.202) - 0.759
(19.642,0.322,-3.200) - 0.759
(14.564,0.332,-4.077) - 0.760
(14.291,0.273,-3.281) - 0.760
(13.332,0.454,-3.689) - 0.760
(19.688,0.087,-3.334) - 0.760
(13.498,0.566,-4.173) - 0.760
(14.841,0.196,-8.260) - 0.760
(13.304,0.371,-3.609) - 0.760
(14.271,0.138,-3.223) - 0.761
(20.673,0.467,-6.194) - 0.761
(19.668,0.239,-3.276) - 0.762
(14.870,0.103,-8.343) - 0.762
(15.635,0.280,-7.208) - 0.763
(14.423,0.524,-3.666) - 0.763
(5.566,0.080,-5.331) - 0.763
(14.878,0.035,-8.366) - 0.763
(13.406,0.573,-3.906) - 0.764
(14.538,0.418,-4.001) - 0.764
(14.771,0.233,-8.054) - 0.764
(14.802,0.249,-8.146) - 0.764
(15.982,0.480,-8.224) - 0.765
(14.720,0.065,-7.906) - 0.765
(16.027,0.286,-8.356) - 0.765
(15.614,0.034,-7.147) - 0.766
(15.967,0.523,-8.181) - 0.766
(19.630,0.368,-3.165) - 0.768
(14.862,0.172,-8.319) - 0.768
(14.601,0.141,-4.184) - 0.768
(15.660,0.419,-7.282) - 0.768
(14.579,0.294,-4.119) - 0.769
(14.607,0.030,-4.203) - 0.770
(19.500,0.408,-2.783) - 0.770
(19.590,0.428,-3.046) - 0.770
(14.366,0.492,-3.500) - 0.771
(13.428,0.594,-3.970) - 0.771
(14.349,0.467,-3.449) - 0.771
(19.682,0.200,-3.318) - 0.772
(19.481,0.382,-2.728) - 0.772
(19.562,0.445,-2.965) - 0.773
(13.288,0.335,-3.563) - 0.774
(14.261,0.071,-3.192) - 0.774
(14.300,0.347,-3.307) - 0.774
(13.382,0.565,-3.836) - 0.774
(5.557,0.012,-5.304) - 0.775
(13.344,0.506,-3.725) - 0.775
(13.256,0.070,-3.469) - 0.775
(5.831,0.089,-6.108) - 0.776
(20.916,0.150,-6.165) - 0.776
(13.263,0.182,-3.491) - 0.776
(20.885,0.262,-6.179) - 0.776
(19.423,0.193,-2.557) - 0.776
(14.783,0.279,-8.089) - 0.776
(19.517,0.437,-2.835) - 0.777
(14.707,0.023,-7.867) - 0.777
(15.915,0.633,-8.029) - 0.777
(19.413,0.124,-2.530) - 0.778
(15.999,0.446,-8.274) - 0.778
(14.725,0.178,-7.921) - 0.778
(14.738,0.221,-7.959) - 0.778
(13.584,0.448,-4.426) - 0.778
(14.834,0.270,-8.238) - 0.779
(14.526,0.469,-3.966) - 0.779
(15.620,0.217,-7.165) - 0.779
(14.383,0.525,-3.548) - 0.780
(20.625,0.313,-6.055) - 0.780
(14.892,0.079,-8.406) - 0.781
(14.330,0.446,-3.393) - 0.781
(14.854,0.245,-8.296) - 0.782
(19.462,0.360,-2.671) - 0.782
(14.883,0.149,-8.381) - 0.782
(14.712,0.136,-7.882) - 0.783
(19.432,0.265,-2.583) - 0.783
(19.618,0.418,-3.131) - 0.783
(14.814,0.298,-8.181) - 0.783
(19.703,0.047,-3.379) - 0.783
(14.751,0.266,-7.996) - 0.784
(14.462,0.548,-3.780) - 0.784
(15.954,0.579,-8.142) - 0.785
(15.857,0.688,-7.858) - 0.785
(14.594,0.257,-4.165) - 0.785
(14.488,0.533,-3.854) - 0.786
(20.637,0.385,-6.089) - 0.786
(20.612,0.245,-6.017) - 0.786
(19.404,0.056,-2.501) - 0.787
(14.900,0.009,-8.431) - 0.787
(19.697,0.161,-3.362) - 0.788
(13.630,0.286,-4.558) - 0.789
(19.535,0.472,-2.885) - 0.791
(14.875,0.221,-8.357) - 0.791
(13.484,0.617,-4.133) - 0.792
(14.698,0.094,-7.842) - 0.792
(13.641,0.217,-4.593) - 0.793
(14.795,0.330,-8.124) - 0.794
(14.763,0.313,-8.032) - 0.795
(14.249,0.002,-3.159) - 0.796
(13.619,0.360,-4.526) - 0.796
(13.449,0.630,-4.032) - 0.796
(13.271,0.301,-3.512) - 0.796
(15.671,0.505,-7.314) - 0.797
(15.815,0.707,-7.735) - 0.799
(14.438,0.575,-3.709) - 0.799
(14.399,0.565,-3.594) - 0.799
(5.846,0.048,-6.155) - 0.800
(14.619,0.102,-4.236) - 0.800
(19.440,0.342,-2.609) - 0.800
(15.787,0.699,-7.654) - 0.802
(20.857,0.386,-6.192) - 0.802
(14.309,0.431,-3.332) - 0.802
(20.921,0.084,-6.121) - 0.802
(19.579,0.490,-3.015) - 0.803
(14.906,0.125,-8.447) - 0.804
(16.019,0.417,-8.332) - 0.804
(20.598,0.179,-5.975) - 0.804
(13.355,0.570,-3.758) - 0.805
(19.677,0.324,-3.301) - 0.805
(5.541,0.057,-5.257) - 0.805
(19.663,0.369,-3.261) - 0.805
(14.846,0.324,-8.274) - 0.805
(14.515,0.529,-3.933) - 0.805
(14.265,0.262,-3.204) - 0.806
(14.683,0.052,-7.799) - 0.807
(14.717,0.257,-7.897) - 0.807
(19.607,0.476,-3.098) - 0.807
(14.897,0.198,-8.422) - 0.808
(14.915,0.054,-8.474) - 0.808
(8.243,0.095,-5.043) - 0.808
(15.604,0.153,-7.117) - 0.808
(14.826,0.352,-8.216) - 0.808
(14.612,0.220,-4.216) - 0.809
(14.254,0.191,-3.172) - 0.809
(14.703,0.213,-7.857) - 0.809
(14.867,0.298,-8.334) - 0.809
(19.713,0.121,-3.409) - 0.810
(15.724,0.641,-7.468) - 0.810
(14.730,0.303,-7.936) - 0.811
(19.691,0.282,-3.344) - 0.812
(19.650,0.417,-3.223) - 0.813
(14.775,0.365,-8.067) - 0.813
(14.275,0.337,-3.235) - 0.813
(19.720,0.004,-3.428) - 0.814
(19.552,0.514,-2.934) - 0.814
(7.448,0.017,-9.240) - 0.814
(13.538,0.597,-4.291) - 0.815
(14.689,0.170,-7.816) - 0.816
(19.397,0.175,-2.483) - 0.816
(13.556,0.569,-4.343) - 0.816
(7.470,0.045,-9.304) - 0.817
(19.407,0.248,-2.512) - 0.817
(13.608,0.442,-4.496) - 0.817
(13.243,0.146,-3.431) - 0.817
(19.488,0.478,-2.749) - 0.818
(7.435,0.062,-9.201) - 0.818
(7.457,0.090,-9.265) - 0.819
(14.807,0.385,-8.159) - 0.819
(15.740,0.676,-7.517) - 0.819
(19.469,0.451,-2.693) - 0.819
(14.888,0.274,-8.396) - 0.821
(14.242,0.121,-3.138) - 0.821
(14.743,0.352,-7.973) - 0.822
(14.573,0.433,-4.103) - 0.823
(15.704,0.623,-7.411) - 0.823
(19.387,0.104,-2.452) - 0.823
(7.413,0.035,-9.136) - 0.824
(19.507,0.510,-2.803) - 0.825
(19.707,0.242,-3.390) - 0.825
(13.234,0.029,-3.405) - 0.826
(7.492,0.074,-9.369) - 0.826
(14.588,0.389,-4.147) - 0.827
(15.942,0.655,-8.107) - 0.827
(14.668,0.007,-7.755) - 0.827
(7.422,0.108,-9.161) - 0.827
(19.417,0.325,-2.541) - 0.828
(14.559,0.481,-4.062) - 0.828
(14.674,0.127,-7.772) - 0.828
(13.251,0.268,-3.455) - 0.828
(19.638,0.471,-3.187) - 0.829
(13.522,0.635,-4.244) - 0.829
(13.576,0.551,-4.402) - 0.830
(5.863,0.004,-6.204) - 0.830
(19.449,0.429,-2.633) - 0.830
(7.506,0.028,-9.409) - 0.831
(14.414,0.616,-3.639) - 0.831
(20.582,0.112,-5.930) - 0.833
(14.921,0.176,-8.491) - 0.833
(14.285,0.419,-3.263) - 0.834
(14.930,0.102,-8.518) - 0.834
(7.399,0.081,-9.096) - 0.835
(13.391,0.656,-3.864) - 0.836
(7.391,0.007,-9.070) - 0.837
(13.294,0.483,-3.581) - 0.837
(14.787,0.422,-8.102) - 0.838
(14.478,0.614,-3.825) - 0.838
(14.859,0.383,-8.310) - 0.839
(14.337,0.554,-3.415) - 0.839
(19.731,0.079,-3.460) - 0.839
(14.756,0.405,-8.010) - 0.839
(14.605,0.349,-4.196) - 0.840
(19.376,0.031,-2.420) - 0.840
(14.911,0.252,-8.463) - 0.840
(15.841,0.754,-7.810) - 0.840
(14.631,0.182,-4.271) - 0.840
(13.414,0.677,-3.931) - 0.841
(14.356,0.583,-3.469) - 0.841
(14.639,0.061,-4.294) - 0.841
(13.310,0.532,-3.626) - 0.841
(13.470,0.684,-4.094) - 0.841
(14.838,0.413,-8.251) - 0.841
(19.524,0.549,-2.854) - 0.842
(7.514,0.104,-9.435) - 0.842
(5.524,0.106,-5.207) - 0.842
(19.596,0.543,-3.065) - 0.843
(14.880,0.357,-8.372) - 0.844
(14.940,0.028,-8.547) - 0.844
(14.546,0.537,-4.024) - 0.845
(14.695,0.297,-7.832) - 0.845
(13.278,0.441,-3.532) - 0.846
(19.724,0.201,-3.440) - 0.846
(14.504,0.603,-3.902) - 0.846
(14.658,0.083,-7.726) - 0.847
(14.709,0.345,-7.873) - 0.848
(19.568,0.564,-2.984) - 0.848
(14.453,0.639,-3.753) - 0.848
(14.680,0.252,-7.789) - 0.849
(7.529,0.058,-9.477) - 0.849
(15.585,0.085,-7.063) - 0.849
(14.317,0.532,-3.356) - 0.849
(7.376,0.054,-9.028) - 0.851
(19.426,0.410,-2.567) - 0.851
(20.972,0.241,-6.141) - 0.852
(14.819,0.447,-8.194) - 0.852
(15.626,0.436,-7.182) - 0.853
(15.755,0.733,-7.560) - 0.854
(13.366,0.651,-3.789) - 0.854
(8.262,0.024,-5.098) - 0.854
(14.373,0.622,-3.519) - 0.855
(19.626,0.533,-3.152) - 0.855
(15.610,0.361,-7.136) - 0.856
(5.874,0.080,-6.237) - 0.856
(15.681,0.619,-7.344) - 0.856
(14.722,0.396,-7.912) - 0.857
(14.902,0.334,-8.437) - 0.857
(14.664,0.208,-7.744) - 0.858
(13.599,0.541,-4.468) - 0.858
(5.513,0.032,-5.174) - 0.859
(13.323,0.590,-3.666) - 0.859
(13.506,0.687,-4.199) - 0.859
(7.543,0.011,-9.520) - 0.861
(14.623,0.311,-4.249) - 0.862
(19.380,0.233,-2.432) - 0.862
(19.686,0.425,-3.328) - 0.863
(20.937,0.369,-6.156) - 0.864
(21.011,0.120,-6.124) - 0.864
(20.603,0.394,-5.992) - 0.865
(14.768,0.465,-8.045) - 0.865
(19.701,0.378,-3.372) - 0.865
(13.259,0.404,-3.477) - 0.865
(13.436,0.715,-3.994) - 0.866
(14.247,0.329,-3.151) - 0.867
(19.391,0.311,-2.464) - 0.867
(14.946,0.154,-8.566) - 0.867
(19.369,0.157,-2.399) - 0.868
(14.936,0.231,-8.536) - 0.869
(7.361,0.103,-8.984) - 0.869
(20.588,0.319,-5.948) - 0.869
(15.640,0.522,-7.224) - 0.870
(13.219,0.108,-3.362) - 0.870
(19.541,0.597,-2.904) - 0.870
(19.671,0.476,-3.286) - 0.870
(14.641,0.037,-7.677) - 0.871
(13.229,0.233,-3.389) - 0.871
(14.799,0.487,-8.137) - 0.871
(14.295,0.516,-3.291) - 0.872
(13.637,0.442,-4.579) - 0.872
(7.352,0.025,-8.957) - 0.873
(19.742,0.160,-3.494) - 0.874
(15.592,0.291,-7.084) - 0.874
(14.648,0.164,-7.696) - 0.875
(14.735,0.452,-7.950) - 0.875
(14.957,0.077,-8.596) - 0.875
(19.717,0.334,-3.421) - 0.875
(7.553,0.089,-9.547) - 0.875
(14.533,0.605,-3.988) - 0.875
(19.750,0.034,-3.516) - 0.876
(14.429,0.680,-3.682) - 0.877
(19.477,0.561,-2.715) - 0.879
(14.258,0.412,-3.185) - 0.879
(19.457,0.532,-2.657) - 0.879
(14.926,0.312,-8.508) - 0.880
(14.872,0.451,-8.348) - 0.881
(14.652,0.143,-4.333) - 0.882
(15.906,0.766,-8.003) - 0.882
(14.389,0.673,-3.566) - 0.883
(19.401,0.396,-2.494) - 0.883
(14.851,0.482,-8.288) - 0.884
(19.658,0.534,-3.246) - 0.887
(14.894,0.424,-8.412) - 0.887
(20.571,0.247,-5.899) - 0.888
(19.495,0.598,-2.770) - 0.889
(15.886,0.792,-7.942) - 0.890
(7.568,0.042,-9.593) - 0.890
(15.992,0.638,-8.254) - 0.890
(16.011,0.590,-8.309) - 0.890
(19.435,0.509,-2.593) - 0.891
(14.661,0.016,-4.359) - 0.891
(14.670,0.345,-7.761) - 0.893
(14.644,0.273,-4.309) - 0.893
(19.735,0.292,-3.473) - 0.893
(19.585,0.624,-3.034) - 0.893
(5.894,0.035,-6.294) - 0.894
(14.686,0.394,-7.806) - 0.894
(19.530,0.125,-6.789) - 0.895
(7.336,0.075,-8.911) - 0.895
(13.336,0.664,-3.703) - 0.895
(19.614,0.607,-3.118) - 0.895
(13.238,0.369,-3.415) - 0.897
(14.630,0.118,-7.645) - 0.897
(14.654,0.298,-7.715) - 0.899
(15.798,0.818,-7.686) - 0.903
(14.700,0.448,-7.848) - 0.903
(14.917,0.401,-8.480) - 0.903
(13.625,0.538,-4.546) - 0.903
(19.514,0.077,-6.744) - 0.903
(5.493,0.083,-5.116) - 0.903
(15.564,0.010,-7.001) - 0.904
(14.598,0.507,-4.177) - 0.905
(15.572,0.221,-7.026) - 0.908
(14.964,0.211,-8.616) - 0.908
(14.269,0.507,-3.216) - 0.908
(15.931,0.770,-8.075) - 0.908
(14.494,0.698,-3.872) - 0.909
(14.582,0.560,-4.130) - 0.910
(19.558,0.655,-2.953) - 0.910
(19.763,0.117,-3.553) - 0.910
(13.492,0.760,-4.158) - 0.911
(19.513,0.644,-2.822) - 0.911
(14.616,0.461,-4.228) - 0.912
(14.953,0.293,-8.584) - 0.913
(14.637,0.252,-7.665) - 0.913
(14.975,0.131,-8.649) - 0.913
(15.976,0.706,-8.207) - 0.914
(15.653,0.630,-7.261) - 0.914
(19.411,0.491,-2.523) - 0.915
(13.457,0.775,-4.056) - 0.915
(20.829,0.084,-5.926) - 0.915
(14.468,0.722,-3.797) - 0.916
(19.645,0.603,-3.209) - 0.917
(19.520,0.210,-6.761) - 0.919
(19.361,0.299,-2.377) - 0.919
(19.755,0.250,-3.530) - 0.920
(20.552,0.174,-5.844) - 0.920
(13.568,0.693,-4.378) - 0.921
(19.504,0.161,-6.715) - 0.925
(14.522,0.690,-3.954) - 0.925
(15.768,0.826,-7.598) - 0.925
(13.203,0.197,-3.314) - 0.927
(14.612,0.071,-7.590) - 0.927
(14.987,0.050,-8.684) - 0.927
(19.373,0.384,-2.412) - 0.928
(13.549,0.730,-4.323) - 0.928
(14.404,0.739,-3.611) - 0.928
(14.325,0.664,-3.380) - 0.928
(7.595,0.075,-9.672) - 0.928
(14.567,0.622,-4.087) - 0.929
(5.480,0.003,-5.077) - 0.929
(14.942,0.381,-8.554) - 0.929
(7.309,0.047,-8.831) - 0.931
(14.636,0.419,-4.285) - 0.931
(13.590,0.670,-4.442) - 0.932
(14.619,0.206,-7.611) - 0.934
(14.676,0.100,-4.404) - 0.934
(15.867,0.851,-7.889) - 0.934
(13.376,0.765,-3.819) - 0.935
(14.667,0.235,-4.376) - 0.935
(14.344,0.701,-3.436) - 0.936
(15.825,0.860,-7.764) - 0.936
(19.711,0.493,-3.402) - 0.936
(19.487,0.111,-6.667) - 0.936
(14.303,0.638,-3.317) - 0.937
(13.192,0.065,-3.282) - 0.937
(13.400,0.787,-3.890) - 0.937
(13.213,0.336,-3.344) - 0.941
(19.728,0.443,-3.452) - 0.941
(19.695,0.548,-3.355) - 0.943
(14.444,0.764,-3.726) - 0.944
(13.266,0.577,-3.499) - 0.944
(19.531,0.702,-2.873) - 0.947
(13.284,0.631,-3.552) - 0.947
(21.037,0.354,-6.112) - 0.950
(19.384,0.478,-2.445) - 0.951
(19.467,0.049,-6.822) - 0.952
(14.661,0.453,-7.733) - 0.953
(7.613,0.025,-9.725) - 0.953
(19.510,0.303,-6.733) - 0.953
(14.644,0.401,-7.684) - 0.954
(21.083,0.218,-6.092) - 0.954
(19.470,0.061,-6.617) - 0.954
(19.603,0.700,-3.085) - 0.955
(19.747,0.397,-3.507) - 0.955
(19.494,0.251,-6.686) - 0.956
(8.297,0.079,-5.201) - 0.956
(19.776,0.207,-3.593) - 0.956
(19.785,0.070,-3.619) - 0.957
(19.443,0.631,-2.618) - 0.957
(13.532,0.786,-4.272) - 0.957
(15.549,0.148,-6.958) - 0.957
(14.982,0.275,-8.670) - 0.958
(13.246,0.533,-3.440) - 0.958
(19.526,0.357,-6.778) - 0.958
(19.464,0.665,-2.679) - 0.959
(19.497,0.272,-6.809) - 0.959
(13.348,0.765,-3.738) - 0.960
(14.932,0.479,-8.525) - 0.960
(14.994,0.190,-8.706) - 0.960
(14.362,0.752,-3.488) - 0.960
(14.279,0.622,-3.246) - 0.961
(14.239,0.504,-3.129) - 0.961
(14.657,0.380,-4.349) - 0.961
(19.680,0.612,-3.311) - 0.962
(13.615,0.659,-4.514) - 0.962
(14.599,0.160,-7.554) - 0.962
(7.291,0.101,-8.778) - 0.963
(14.626,0.352,-7.632) - 0.964
(19.633,0.686,-3.173) - 0.964
(19.476,0.201,-6.636) - 0.964
(14.591,0.021,-7.530) - 0.965
(14.554,0.700,-4.047) - 0.966
(19.575,0.729,-3.003) - 0.966
(20.531,0.097,-5.783) - 0.967
(14.971,0.363,-8.636) - 0.967
(13.423,0.832,-3.955) - 0.967
(19.421,0.606,-2.551) - 0.968
(13.300,0.698,-3.599) - 0.968
(9.284,0.020,-3.922) - 0.969
(9.311,0.053,-3.998) - 0.972
(15.007,0.106,-8.743) - 0.973
(9.268,0.074,-3.875) - 0.973
(15.962,0.805,-8.165) - 0.974
(9.295,0.107,-3.951) - 0.975
(19.484,0.709,-2.736) - 0.975
(20.560,0.411,-5.866) - 0.975
(15.691,0.792,-7.371) - 0.975
(5.930,0.071,-6.399) - 0.976
(15.712,0.826,-7.434) - 0.976
(15.580,0.466,-7.049) - 0.976
(15.599,0.553,-7.105) - 0.976
(7.280,0.016,-8.744) - 0.977
(19.458,0.150,-6.585) - 0.980
(19.768,0.354,-3.568) - 0.980
(14.607,0.304,-7.576) - 0.982
(9.278,0.162,-3.904) - 0.982
(5.457,0.057,-5.009) - 0.983
(9.853,0.037,-9.781) - 0.983
(9.321,0.142,-4.027) - 0.984
(9.338,0.088,-4.074) - 0.984
(9.879,0.004,-9.858) - 0.984
(13.223,0.494,-3.372) - 0.987
(9.870,0.092,-9.829) - 0.987
(14.959,0.460,-8.604) - 0.989
(14.693,0.194,-4.452) - 0.989
(9.305,0.197,-3.980) - 0.990
(9.355,0.034,-4.122) - 0.990
(9.827,0.071,-9.704) - 0.990
(9.896,0.058,-9.906) - 0.991
(13.479,0.863,-4.118) - 0.994
(19.395,0.589,-2.476) - 0.994
(9.811,0.017,-9.656) - 0.995
(20.540,0.331,-5.807) - 0.995
(15.021,0.020,-8.783) - 0.996
(9.262,0.219,-3.857) - 0.996
(19.666,0.689,-3.271) - 0.996
(14.420,0.828,-3.655) - 0.997
(15.558,0.387,-6.985) - 0.998
(13.172,0.158,-3.225) - 0.998
(19.483,0.352,-6.655) - 0.999
(14.578,0.111,-7.491) - 1.000
(19.548,0.775,-2.923) - 1.000
(14.704,0.052,-4.485) - 1.000
(13.184,0.302,-3.261) - 1.000
(9.288,0.254,-3.933) - 1.001
(19.500,0.408,-6.704) - 1.001
(9.349,0.178,-4.104) - 1.002
(9.923,0.025,-9.985) - 1.002
(19.439,0.098,-6.530) - 1.002
(14.251,0.614,-3.164) - 1.002
(21.146,0.084,-6.057) - 1.003
(19.800,0.162,-3.664) - 1.003
(19.465,0.298,-6.605) - 1.004
(14.682,0.341,-4.422) - 1.004
(15.616,0.658,-7.154) - 1.004
(9.366,0.124,-4.153) - 1.004
(9.332,0.234,-4.056) - 1.005
(14.511,0.805,-3.921) - 1.006
(9.800,0.107,-9.625) - 1.006
(14.379,0.822,-3.537) - 1.006
(19.502,0.767,-2.790) - 1.006
(15.664,0.784,-7.295) - 1.008
(7.644,0.061,-9.817) - 1.009
(14.484,0.829,-3.843) - 1.009
(14.586,0.257,-7.515) - 1.009
(14.628,0.601,-4.263) - 1.012
(19.517,0.468,-6.750) - 1.012
(9.783,0.052,-9.576) - 1.012
(9.383,0.069,-4.203) - 1.013
(13.516,0.867,-4.226) - 1.014
(19.810,0.018,-3.693) - 1.014
(13.644,0.660,-4.601) - 1.014
(9.315,0.292,-4.008) - 1.015
(14.609,0.659,-4.208) - 1.015
(15.730,0.894,-7.487) - 1.016
(7.260,0.072,-8.685) - 1.016
(19.447,0.246,-6.551) - 1.016
(13.315,0.788,-3.641) - 1.016
(19.791,0.311,-3.636) - 1.016
(9.940,0.081,-10.035) - 1.016
(15.016,0.257,-8.768) - 1.017
(15.002,0.348,-8.729) - 1.018
(14.649,0.552,-4.324) - 1.024
(15.522,0.068,-6.879) - 1.025
(19.414,0.200,-6.847) - 1.026
(9.402,0.013,-4.254) - 1.028
(13.444,0.906,-4.018) - 1.028
(9.377,0.218,-4.183) - 1.028
(15.030,0.169,-8.809) - 1.028
(14.541,0.803,-4.010) - 1.029
(9.359,0.275,-4.134) - 1.030
(19.740,0.577,-3.486) - 1.030
(19.419,0.044,-6.472) - 1.031
(14.614,0.468,-7.598) - 1.032
(13.196,0.460,-3.294) - 1.032
(14.990,0.445,-8.692) - 1.033
(20.517,0.252,-5.741) - 1.033
(9.395,0.162,-4.234) - 1.034
(5.955,0.019,-6.474) - 1.034
(19.721,0.637,-3.432) - 1.035
(19.427,0.194,-6.495) - 1.036
(19.621,0.794,-3.139) - 1.036
(19.366,0.578,-2.391) - 1.036
(14.592,0.730,-4.158) - 1.038
(19.760,0.524,-3.544) - 1.038
(15.533,0.311,-6.911) - 1.039
(9.755,0.088,-9.492) - 1.039
(9.968,0.048,-10.119) - 1.039
(14.459,0.876,-3.769) - 1.040
(19.592,0.822,-3.053) - 1.043
(9.413,0.107,-4.287) - 1.045
(14.563,0.209,-7.449) - 1.046
(14.594,0.417,-7.539) - 1.046
(14.554,0.059,-7.421) - 1.047
(7.666,0.005,-9.880) - 1.047
(21.158,0.184,-7.454) - 1.049
(15.045,0.079,-8.853) - 1.050
(14.673,0.509,-4.393) - 1.051
(14.312,0.810,-3.342) - 1.051
(19.653,0.786,-3.232) - 1.053
(14.289,0.776,-3.274) - 1.054
(9.737,0.032,-9.439) - 1.055
(19.454,0.408,-6.572) - 1.057
(19.705,0.708,-3.384) - 1.057
(19.472,0.466,-6.624) - 1.057
(19.520,0.842,-2.842) - 1.058
(19.430,0.757,-2.577) - 1.059
(19.782,0.477,-3.609) - 1.059
(14.723,0.149,-4.541) - 1.059
(14.711,0.302,-4.505) - 1.061
(16.024,0.798,-8.346) - 1.062
(19.828,0.114,-3.744) - 1.062
(19.405,0.140,-6.434) - 1.063
(9.986,0.107,-10.172) - 1.063
(19.817,0.267,-3.712) - 1.063
(21.137,0.128,-7.508) - 1.064
(9.433,0.050,-4.342) - 1.064
(19.434,0.352,-6.517) - 1.065
(9.406,0.262,-4.267) - 1.065
(20.683,0.084,-5.709) - 1.066
(19.452,0.799,-2.642) - 1.067
(19.405,0.728,-2.506) - 1.068
(13.581,0.865,-4.416) - 1.070
(14.572,0.368,-7.475) - 1.070
(14.333,0.861,-3.402) - 1.071
(9.998,0.013,-10.207) - 1.072
(21.168,0.340,-6.054) - 1.072
(13.605,0.830,-4.485) - 1.073
(13.359,0.914,-3.770) - 1.073
(9.425,0.205,-4.321) - 1.073
(19.447,0.460,-6.832) - 1.075
(15.631,0.800,-7.198) - 1.075
(21.240,0.152,-7.410) - 1.075
(19.564,0.870,-2.972) - 1.076
(21.206,0.248,-7.425) - 1.077
(14.262,0.756,-3.197) - 1.078
(7.680,0.102,-9.921) - 1.080
(14.395,0.920,-3.584) - 1.081
(19.414,0.298,-6.458) - 1.081
(7.224,0.040,-8.579) - 1.084
(14.576,0.823,-4.113) - 1.085
(21.145,0.286,-7.487) - 1.085
(13.232,0.701,-3.399) - 1.087
(15.039,0.335,-8.836) - 1.087
(13.254,0.761,-3.463) - 1.087
(9.445,0.148,-4.377) - 1.089
(20.490,0.169,-5.664) - 1.089
(21.173,0.348,-7.439) - 1.090
(15.024,0.434,-8.793) - 1.092
(14.538,0.158,-7.374) - 1.093
(14.700,0.469,-4.472) - 1.093
(19.807,0.432,-3.682) - 1.093
(19.472,0.857,-2.702) - 1.095
(16.003,0.883,-8.287) - 1.095
(9.706,0.070,-9.347) - 1.096
(19.378,0.709,-2.425) - 1.096
(21.123,0.229,-7.542) - 1.096
(21.229,0.190,-6.027) - 1.097
(13.560,0.924,-4.356) - 1.098
(19.382,0.085,-6.369) - 1.099
(19.689,0.797,-3.338) - 1.099
(10.018,0.074,-10.265) - 1.100
(14.434,0.951,-3.699) - 1.101
(15.504,0.231,-6.825) - 1.101
(15.949,0.972,-8.128) - 1.102
(13.632,0.816,-4.566) - 1.102
(13.328,0.918,-3.681) - 1.105
(14.527,0.001,-7.344) - 1.106
(14.548,0.320,-7.404) - 1.106
(19.391,0.245,-6.394) - 1.107
(13.207,0.654,-3.325) - 1.109
(9.466,0.090,-4.437) - 1.111
(13.273,0.842,-3.520) - 1.115
(21.298,0.219,-7.385) - 1.117
(19.314,0.118,-6.893) - 1.117
(14.351,0.938,-3.457) - 1.119
(21.262,0.320,-7.400) - 1.122
(21.335,0.120,-7.369) - 1.123
(9.685,0.010,-9.287) - 1.123
(9.458,0.253,-4.414) - 1.125
(19.847,0.221,-3.799) - 1.126
(7.704,0.044,-9.993) - 1.127
(19.422,0.475,-6.481) - 1.130
(20.501,0.440,-5.695) - 1.135
(19.355,0.385,-6.874) - 1.135
(14.745,0.261,-4.603) - 1.136
(19.537,0.943,-2.892) - 1.136
(15.543,0.605,-6.941) - 1.137
(19.860,0.059,-3.836) - 1.138
(14.529,0.950,-3.974) - 1.138
(7.199,0.105,-8.507) - 1.140
(14.500,0.977,-3.890) - 1.141
(19.367,0.189,-6.325) - 1.141
(15.567,0.709,-7.010) - 1.142
(19.835,0.388,-3.765) - 1.142
(9.488,0.030,-4.500) - 1.142
(19.400,0.417,-6.419) - 1.142
(9.479,0.195,-4.475) - 1.145
(19.640,0.917,-3.195) - 1.145
(19.491,0.937,-2.757) - 1.147
(14.759,0.099,-4.646) - 1.148
(19.610,0.945,-3.105) - 1.149
(10.052,0.038,-10.365) - 1.150
(19.773,0.684,-3.584) - 1.151
(14.663,0.723,-4.366) - 1.152
(13.177,0.616,-3.239) - 1.152
(14.509,0.104,-7.292) - 1.153
(14.731,0.431,-4.564) - 1.153
(14.520,0.270,-7.324) - 1.153
(14.640,0.788,-4.300) - 1.154
(19.752,0.750,-3.521) - 1.155
(6.004,0.060,-6.620) - 1.159
(15.516,0.515,-6.859) - 1.163
(19.376,0.361,-6.352) - 1.164
(19.797,0.628,-3.653) - 1.165
(21.124,0.348,-7.596) - 1.167
(21.359,0.293,-7.358) - 1.168
(21.399,0.190,-7.341) - 1.170
(14.562,0.952,-4.071) - 1.170
(14.689,0.671,-4.441) - 1.171
(7.182,0.004,-8.458) - 1.172
(19.675,0.914,-3.296) - 1.172
(9.502,0.135,-4.540) - 1.173
(19.733,0.831,-3.465) - 1.181
(14.474,1.036,-3.814) - 1.181
(20.472,0.353,-5.612) - 1.181
(14.620,0.872,-4.241) - 1.182
(9.649,0.051,-9.181) - 1.182
(14.531,0.448,-7.356) - 1.184
(19.581,0.998,-3.022) - 1.184
(8.376,0.058,-5.435) - 1.185
(21.088,0.084,-5.765) - 1.186
(19.341,0.132,-6.250) - 1.186
(15.588,0.844,-7.071) - 1.188
(15.986,1.023,-8.235) - 1.189
(15.468,0.144,-6.721) - 1.189
(10.075,0.105,-10.432) - 1.192
(21.146,0.184,-7.660) - 1.192
(19.824,0.578,-3.732) - 1.195
(19.351,0.305,-6.280) - 1.197
(19.415,0.923,-2.534) - 1.199
(14.410,1.063,-3.628) - 1.201
(19.389,0.885,-2.457) - 1.202
(19.882,0.170,-3.900) - 1.205
(14.369,1.051,-3.507) - 1.206
(19.868,0.344,-3.860) - 1.207
(9.527,0.073,-4.611) - 1.210
(14.719,0.628,-4.527) - 1.212
(14.490,0.218,-7.235) - 1.215
(9.518,0.248,-4.583) - 1.216
(15.482,0.431,-6.763) - 1.217
(14.273,0.964,-3.228) - 1.218
(15.979,1.100,-8.065) - 1.218
(19.438,0.982,-2.603) - 1.222
(19.242,0.307,-6.927) - 1.227
(14.477,0.043,-7.197) - 1.228
(21.467,0.267,-7.311) - 1.228
(21.424,0.376,-7.330) - 1.230
(7.749,0.090,-10.126) - 1.231
(14.298,1.016,-3.301) - 1.231
(14.502,0.398,-7.271) - 1.232
(19.509,1.048,-2.810) - 1.232
(14.785,0.216,-4.721) - 1.233
(14.768,0.394,-4.673) - 1.234
(19.715,0.937,-3.413) - 1.235
(14.244,0.936,-3.143) - 1.237
(19.361,0.495,-6.308) - 1.241
(7.153,0.072,-8.372) - 1.241
(19.323,0.248,-6.200) - 1.242
(19.311,0.070,-6.168) - 1.244
(19.855,0.534,-3.822) - 1.244
(14.602,0.987,-4.188) - 1.245
(21.346,0.327,-5.976) - 1.247
(20.439,0.263,-5.514) - 1.251
(9.543,0.186,-4.656) - 1.252
(19.554,1.084,-2.942) - 1.254
(9.554,0.006,-4.686) - 1.257
(9.609,0.097,-9.063) - 1.258
(14.802,0.039,-4.771) - 1.262
(14.449,1.135,-3.742) - 1.264
(10.115,0.068,-10.552) - 1.264
(19.334,0.437,-6.232) - 1.271
(14.753,0.590,-4.629) - 1.274
(19.460,1.069,-2.665) - 1.276
(20.464,0.084,-5.465) - 1.276
(13.189,0.871,-3.274) - 1.283
(14.320,1.102,-3.365) - 1.283
(19.906,0.297,-3.972) - 1.292
(14.455,0.160,-7.132) - 1.293
(14.469,0.347,-7.173) - 1.295
(19.661,1.082,-3.256) - 1.295
(21.372,0.111,-7.603) - 1.296
(9.571,0.122,-4.736) - 1.298
(19.292,0.188,-6.111) - 1.299
(19.628,1.113,-3.160) - 1.300
(21.432,0.154,-5.938) - 1.304
(7.781,0.023,-10.221) - 1.305
(19.923,0.112,-4.020) - 1.307
(15.606,1.045,-7.124) - 1.308
(15.443,0.347,-6.640) - 1.309
(9.582,0.029,-8.982) - 1.309
(19.813,0.823,-3.700) - 1.310
(19.891,0.491,-3.927) - 1.312
(19.787,0.897,-3.626) - 1.313
(19.304,0.380,-6.147) - 1.314
(15.425,0.042,-6.589) - 1.314
(14.549,1.153,-4.032) - 1.327
(15.657,1.106,-7.188) - 1.328
(19.699,1.084,-3.366) - 1.332
(7.910,0.220,-9.046) - 1.333
(7.967,0.192,-9.213) - 1.334
(21.189,0.325,-7.779) - 1.338
(14.518,1.192,-3.941) - 1.339
(14.679,0.961,-4.411) - 1.340
(14.814,0.354,-4.805) - 1.341
(14.707,0.888,-4.493) - 1.342
(7.945,0.267,-9.149) - 1.342
(19.765,0.992,-3.559) - 1.344
(19.599,1.180,-3.073) - 1.345
(20.398,0.163,-5.398) - 1.350
(9.590,0.247,-4.789) - 1.352
(7.889,0.298,-8.982) - 1.353
(9.602,0.053,-4.823) - 1.356
(8.003,0.241,-9.318) - 1.357
(10.161,0.027,-10.688) - 1.358
(19.099,0.219,-6.993) - 1.358
(7.853,0.253,-8.877) - 1.358
(15.496,0.797,-6.802) - 1.358
(14.834,0.163,-4.864) - 1.360
(19.914,0.177,-7.990) - 1.361
(14.795,0.556,-4.752) - 1.362
(14.586,1.159,-4.141) - 1.367
(19.527,1.212,-2.861) - 1.369
(19.947,0.056,-8.025) - 1.371
(19.257,0.123,-6.012) - 1.372
(19.270,0.321,-6.052) - 1.372
(14.739,0.833,-4.588) - 1.373
(7.098,0.033,-8.208) - 1.374
(7.816,0.209,-8.769) - 1.374
(19.479,1.198,-2.723) - 1.374
(14.654,1.063,-4.339) - 1.377
(19.370,1.099,-2.404) - 1.390
(8.039,0.295,-9.426) - 1.391
(15.459,0.693,-6.694) - 1.392
(21.220,0.138,-7.866) - 1.393
(8.063,0.219,-9.495) - 1.398
(19.939,0.384,-7.999) - 1.402
(19.952,0.246,-4.105) - 1.404
(19.934,0.448,-4.051) - 1.405
(19.399,1.159,-2.487) - 1.405
(7.793,0.292,-8.701) - 1.409
(9.623,0.180,-4.881) - 1.410
(19.744,1.123,-3.499) - 1.416
(9.532,0.079,-8.835) - 1.419
(15.394,0.251,-6.497) - 1.429
(19.961,0.264,-8.067) - 1.430
(19.856,0.313,-8.017) - 1.431
(19.818,0.107,-8.035) - 1.432
(10.194,0.107,-10.784) - 1.433
(14.778,0.792,-4.702) - 1.435
(19.571,1.293,-2.991) - 1.440
(7.754,0.249,-8.584) - 1.442
(19.233,0.259,-5.944) - 1.447
(18.969,0.043,-6.673) - 1.448
(20.965,0.084,-5.396) - 1.452
(6.117,0.045,-6.950) - 1.461
(19.217,0.051,-5.899) - 1.463
(7.844,0.076,-10.404) - 1.463
(19.424,1.257,-2.561) - 1.464
(19.248,0.473,-5.987) - 1.466
(14.633,1.213,-4.277) - 1.467
(19.985,0.142,-8.142) - 1.475
(20.370,0.391,-5.315) - 1.476
(15.414,0.604,-6.554) - 1.478
(14.847,0.523,-4.902) - 1.483
(9.659,0.108,-4.984) - 1.483
(14.870,0.310,-4.969) - 1.485
(7.711,0.207,-8.459) - 1.490
(9.496,0.001,-8.730) - 1.498
(19.753,0.247,-8.065) - 1.503
(21.429,0.075,-5.625) - 1.507
(19.684,1.313,-3.321) - 1.511
(21.606,0.313,-5.861) - 1.512
(19.710,0.030,-8.085) - 1.521
(19.794,0.469,-8.046) - 1.522
(19.830,1.093,-3.752) - 1.525
(19.648,1.357,-3.218) - 1.525
(18.992,0.466,-7.042) - 1.528
(14.895,0.099,-5.042) - 1.528
(19.986,0.403,-4.202) - 1.528
(19.975,0.503,-8.113) - 1.529
(14.826,0.760,-4.840) - 1.530
(20.011,0.011,-8.223) - 1.539
(18.915,0.111,-7.078) - 1.541
(19.189,0.191,-5.821) - 1.542
(20.047,0.048,-4.238) - 1.543
(19.207,0.414,-5.870) - 1.543
(7.683,0.300,-8.377) - 1.546
(20.009,0.186,-4.269) - 1.549
(19.726,1.320,-3.445) - 1.556
(9.683,0.252,-5.054) - 1.556
(20.000,0.374,-8.191) - 1.557
(19.803,1.209,-3.671) - 1.566
(10.255,0.064,-10.962) - 1.572
(9.699,0.028,-5.100) - 1.574
(8.507,0.024,-5.820) - 1.574
(21.280,0.299,-8.036) - 1.589
(19.636,0.174,-8.119) - 1.595
(19.682,0.404,-8.097) - 1.596
(15.332,0.139,-6.317) - 1.598
(15.357,0.512,-6.391) - 1.600
(14.726,1.202,-4.550) - 1.600
(20.028,0.242,-8.277) - 1.606
(14.763,1.118,-4.656) - 1.607
(20.315,0.283,-5.156) - 1.610
(7.634,0.259,-8.233) - 1.619
(21.738,0.102,-5.802) - 1.624
(19.159,0.350,-5.735) - 1.645
(12.339,0.035,-8.924) - 1.648
(14.912,0.491,-5.092) - 1.648
(21.678,0.048,-5.678) - 1.650
(9.728,0.177,-5.180) - 1.651
(12.385,0.091,-9.053) - 1.654
(12.311,0.126,-8.845) - 1.655
(12.357,0.182,-8.974) - 1.658
(14.807,1.064,-4.784) - 1.660
(19.139,0.115,-5.677) - 1.663
(9.429,0.058,-8.532) - 1.663
(12.265,0.070,-8.716) - 1.665
(14.885,0.737,-5.014) - 1.668
(19.778,1.380,-3.599) - 1.669
(12.329,0.276,-8.894) - 1.671
(12.283,0.219,-8.765) - 1.671
(12.402,0.241,-9.103) - 1.674
(12.431,0.149,-9.183) - 1.675
(20.058,0.104,-8.373) - 1.677
(14.942,0.259,-5.179) - 1.680
(12.374,0.335,-9.023) - 1.683
(12.236,0.164,-8.634) - 1.686
(12.218,0.014,-8.583) - 1.689
(19.555,0.335,-8.156) - 1.692
(20.050,0.354,-4.389) - 1.693
(12.300,0.373,-8.815) - 1.694
(6.975,0.076,-7.847) - 1.698
(12.254,0.316,-8.684) - 1.698
(12.346,0.433,-8.943) - 1.703
(21.267,0.063,-5.259) - 1.708
(12.420,0.399,-9.152) - 1.710
(19.500,0.092,-8.181) - 1.711
(10.716,0.055,-7.777) - 1.711
(12.188,0.108,-8.498) - 1.715
(21.520,0.111,-8.044) - 1.715
(7.579,0.216,-8.071) - 1.715
(20.046,0.506,-8.335) - 1.716
(12.207,0.261,-8.551) - 1.717
(12.392,0.497,-9.072) - 1.727
(10.684,0.304,-7.788) - 1.727
(12.272,0.475,-8.735) - 1.727
(18.773,0.374,-7.144) - 1.732
(12.318,0.536,-8.864) - 1.734
(12.225,0.418,-8.602) - 1.736
(15.381,0.960,-6.458) - 1.736
(10.770,0.211,-7.758) - 1.740
(20.079,0.113,-4.473) - 1.741
(12.157,0.207,-8.411) - 1.751
(12.363,0.602,-8.992) - 1.755
(14.975,0.018,-5.276) - 1.757
(12.138,0.051,-8.356) - 1.759
(12.177,0.364,-8.465) - 1.759
(14.861,1.032,-4.943) - 1.761
(10.860,0.116,-7.726) - 1.765
(9.779,0.092,-5.324) - 1.770
(20.079,0.365,-8.437) - 1.770
(12.243,0.585,-8.653) - 1.773
(19.103,0.280,-5.576) - 1.774
(12.290,0.647,-8.784) - 1.777
(10.623,0.155,-7.721) - 1.779
(15.285,0.411,-6.180) - 1.780
(12.195,0.529,-8.518) - 1.785
(9.049,0.175,-9.115) - 1.789
(12.409,0.675,-9.122) - 1.791
(12.335,0.715,-8.913) - 1.796
(12.126,0.311,-8.322) - 1.798
(20.245,0.156,-4.954) - 1.798
(10.953,0.020,-7.693) - 1.800
(12.105,0.151,-8.264) - 1.801
(10.917,0.280,-7.706) - 1.806
(12.145,0.475,-8.377) - 1.814
(19.406,0.260,-8.224) - 1.815
(9.012,0.279,-9.201) - 1.823
(12.381,0.791,-9.041) - 1.831
(17.152,0.031,-3.461) - 1.832
(12.214,0.706,-8.570) - 1.833
(12.261,0.769,-8.704) - 1.834
(11.013,0.184,-7.672) - 1.836
(18.605,0.031,-7.052) - 1.836
(17.128,0.094,-3.311) - 1.838
(17.167,0.133,-3.553) - 1.840
(17.143,0.195,-3.404) - 1.842
(7.986,0.057,-10.821) - 1.844
(12.165,0.649,-8.432) - 1.849
(20.115,0.217,-8.551) - 1.851
(12.307,0.839,-8.833) - 1.852
(15.315,0.860,-6.268) - 1.853
(17.190,0.070,-3.705) - 1.854
(12.071,0.258,-8.167) - 1.856
(17.158,0.299,-3.496) - 1.857
(17.119,0.260,-3.253) - 1.859
(17.105,0.158,-3.159) - 1.859
(12.092,0.424,-8.228) - 1.859
(17.181,0.236,-3.647) - 1.860
(14.962,0.721,-5.238) - 1.864
(17.134,0.365,-3.347) - 1.869
(17.090,0.056,-3.064) - 1.870
(12.049,0.093,-8.105) - 1.870
(20.736,0.084,-4.896) - 1.872
(9.814,0.265,-5.425) - 1.876
(17.205,0.175,-3.800) - 1.877
(11.114,0.085,-7.636) - 1.879
(14.998,0.457,-5.342) - 1.880
(12.113,0.597,-8.286) - 1.882
(17.172,0.407,-3.589) - 1.883
(12.427,0.878,-9.171) - 1.883
(12.353,0.919,-8.962) - 1.886
(17.095,0.329,-3.101) - 1.891
(17.149,0.473,-3.439) - 1.892
(22.090,0.242,-7.583) - 1.893
(17.080,0.226,-3.004) - 1.895
(8.991,0.250,-8.944) - 1.895
(17.110,0.434,-3.196) - 1.897
(12.232,0.905,-8.622) - 1.908
(12.184,0.840,-8.485) - 1.910
(17.065,0.122,-2.905) - 1.911
(17.230,0.113,-3.959) - 1.911
(17.221,0.283,-3.897) - 1.912
(17.125,0.544,-3.289) - 1.916
(14.930,1.019,-5.145) - 1.918
(19.063,0.474,-5.461) - 1.918
(17.187,0.521,-3.682) - 1.921
(12.035,0.373,-8.066) - 1.924
(12.279,0.978,-8.753) - 1.925
(17.163,0.587,-3.531) - 1.926
(12.133,0.783,-8.343) - 1.929
(11.179,0.259,-7.613) - 1.930
(12.012,0.203,-8.000) - 1.933
(12.058,0.548,-8.129) - 1.935
(17.049,0.017,-2.804) - 1.938
(17.071,0.403,-2.944) - 1.939
(12.398,1.010,-9.091) - 1.940
(17.086,0.511,-3.041) - 1.942
(19.035,0.200,-5.384) - 1.942
(22.018,0.296,-5.679) - 1.944
(17.140,0.660,-3.382) - 1.948
(17.055,0.298,-2.843) - 1.949
(19.300,0.452,-8.273) - 1.950
(15.038,0.193,-5.459) - 1.951
(7.472,0.287,-7.756) - 1.952
(17.246,0.223,-4.061) - 1.952
(17.101,0.622,-3.137) - 1.957
(11.988,0.031,-7.932) - 1.961
(12.324,1.063,-8.883) - 1.961
(17.256,0.049,-4.126) - 1.963
(12.079,0.732,-8.191) - 1.968
(17.039,0.193,-2.739) - 1.970
(19.229,0.174,-8.305) - 1.973
(18.592,0.043,-5.979) - 1.974
(17.178,0.711,-3.625) - 1.974
(20.171,0.305,-4.678) - 1.978
(11.290,0.157,-7.573) - 1.982
(17.116,0.741,-3.231) - 1.986
(17.154,0.785,-3.474) - 1.993
(22.144,0.146,-7.724) - 1.997
(22.212,0.366,-7.532) - 1.999
(20.193,0.462,-4.802) - 2.002
(12.203,1.060,-8.538) - 2.003
(17.061,0.595,-2.882) - 2.004
(6.864,0.022,-7.520) - 2.006
(12.153,0.993,-8.398) - 2.006
(17.045,0.486,-2.779) - 2.006
(11.997,0.500,-7.959) - 2.009
(16.778,0.131,-9.432) - 2.010
(11.972,0.322,-7.889) - 2.012
(16.718,0.310,-9.459) - 2.013
(17.077,0.710,-2.981) - 2.016
(12.370,1.162,-9.011) - 2.017
(12.250,1.138,-8.673) - 2.021
(12.021,0.686,-8.026) - 2.028
(12.100,0.935,-8.250) - 2.029
(17.131,0.869,-3.325) - 2.030
(11.947,0.145,-7.816) - 2.036
(9.880,0.175,-5.613) - 2.038
(22.297,0.192,-7.499) - 2.040
(17.092,0.831,-3.078) - 2.043
(15.189,0.290,-5.900) - 2.043
(11.410,0.049,-7.531) - 2.051
(16.876,0.246,-9.387) - 2.052
(15.229,0.770,-6.016) - 2.052
(9.280,0.029,-8.093) - 2.054
(17.169,0.923,-3.567) - 2.056
(12.296,1.230,-8.803) - 2.061
(16.938,0.064,-9.358) - 2.061
(16.815,0.431,-9.415) - 2.062
(12.044,0.885,-8.091) - 2.073
(21.043,0.050,-4.752) - 2.083
(17.035,0.691,-2.714) - 2.088
(17.051,0.809,-2.819) - 2.096
(12.416,1.279,-9.140) - 2.097
(16.977,0.369,-9.340) - 2.108
(11.930,0.453,-7.770) - 2.109
(8.881,0.234,-8.619) - 2.110
(17.042,0.181,-9.311) - 2.110
(11.957,0.642,-7.844) - 2.113
(11.488,0.239,-7.503) - 2.115
(17.067,0.935,-2.920) - 2.120
(19.103,0.376,-8.363) - 2.122
(12.342,1.340,-8.932) - 2.123
(12.172,1.241,-8.453) - 2.125
(12.121,1.170,-8.308) - 2.127
(11.902,0.268,-7.691) - 2.128
(22.352,0.508,-7.478) - 2.136
(7.389,0.242,-7.511) - 2.141
(11.982,0.842,-7.916) - 2.143
(16.782,0.021,-9.606) - 2.144
(15.066,0.712,-5.540) - 2.146
(12.221,1.326,-8.590) - 2.146
(12.066,1.111,-8.153) - 2.153
(18.293,0.019,-6.356) - 2.156
(8.653,0.257,-9.323) - 2.159
(11.873,0.080,-7.608) - 2.168
(19.016,0.072,-8.403) - 2.176
(22.448,0.324,-7.442) - 2.177
(17.083,0.501,-9.292) - 2.179
(12.268,1.430,-8.723) - 2.193
(11.624,0.127,-7.455) - 2.198
(12.006,1.062,-7.985) - 2.204
(12.387,1.471,-9.060) - 2.213
(15.117,0.416,-5.688) - 2.214
(20.318,0.071,-4.525) - 2.215
(11.884,0.601,-7.640) - 2.227
(20.244,0.221,-4.951) - 2.228
(11.913,0.804,-7.722) - 2.240
(11.854,0.406,-7.555) - 2.241
(9.960,0.070,-5.838) - 2.244
(6.586,0.072,-7.274) - 2.246
(18.961,0.110,-5.391) - 2.247
(12.314,1.555,-8.852) - 2.267
(19.005,0.438,-5.371) - 2.268
(22.677,0.232,-6.815) - 2.276
(11.822,0.210,-7.465) - 2.278
(12.087,1.380,-8.214) - 2.281
(12.141,1.458,-8.364) - 2.282
(11.940,1.023,-7.799) - 2.283
(20.085,0.326,-4.490) - 2.295
(18.889,0.318,-5.425) - 2.301
(11.772,0.007,-7.403) - 2.302
(12.030,1.318,-8.051) - 2.309
(12.191,1.555,-8.506) - 2.310
(22.657,0.569,-6.771) - 2.314
(16.789,0.009,-4.034) - 2.343
(22.710,0.448,-6.889) - 2.344
(22.618,0.478,-7.377) - 2.344
(18.860,0.287,-8.475) - 2.349
(15.174,0.103,-5.857) - 2.350
(18.768,0.195,-5.481) - 2.350
(15.111,0.675,-5.671) - 2.359
(11.966,1.271,-7.872) - 2.366
(12.239,1.676,-8.641) - 2.370
(11.835,0.771,-7.500) - 2.372
(12.359,1.710,-8.981) - 2.375
(11.801,0.561,-7.406) - 2.379
(19.083,0.248,-5.518) - 2.388
(22.765,0.325,-7.014) - 2.389
(7.286,0.189,-7.209) - 2.393
(11.866,0.992,-7.588) - 2.395
(7.212,0.308,-6.991) - 2.403
(22.736,0.277,-7.332) - 2.413
(11.766,0.355,-7.307) - 2.413
(22.799,0.379,-6.698) - 2.415
(18.640,0.068,-5.540) - 2.416
(22.689,0.810,-6.843) - 2.417
(22.719,0.145,-7.455) - 2.418
(10.018,0.291,-6.005) - 2.422
(18.689,0.417,-5.517) - 2.422
(8.739,0.219,-8.200) - 2.431
(18.090,0.309,-7.392) - 2.434
(22.744,0.683,-6.965) - 2.438
(15.053,0.129,-5.502) - 2.441
(22.825,0.199,-7.146) - 2.453
(11.895,1.236,-7.672) - 2.457
(12.285,1.828,-8.772) - 2.466
(22.802,0.557,-7.095) - 2.477
(12.052,1.637,-8.115) - 2.480
(18.556,0.290,-5.579) - 2.482
(12.108,1.726,-8.272) - 2.488
(22.486,0.604,-5.463) - 2.506
(11.991,1.569,-7.943) - 2.507
(16.932,0.248,-9.933) - 2.508
(12.405,1.903,-9.110) - 2.523
(12.160,1.843,-8.419) - 2.532
(22.863,0.431,-7.233) - 2.535
(11.743,0.741,-7.241) - 2.548
(11.780,0.968,-7.346) - 2.548
(8.234,0.026,-11.553) - 2.559
(18.413,0.159,-5.645) - 2.562
(22.779,0.947,-7.044) - 2.566
(22.435,0.760,-5.347) - 2.567
(11.924,1.521,-7.751) - 2.570
(15.216,0.712,-5.977) - 2.572
(11.704,0.521,-7.130) - 2.579
(22.990,0.176,-6.613) - 2.584
(11.814,1.213,-7.443) - 2.587
(22.839,0.815,-7.179) - 2.596
(12.331,2.021,-8.901) - 2.607
(13.448,1.547,-8.421) - 2.608
(13.352,1.496,-8.151) - 2.615
(12.210,1.995,-8.558) - 2.617
(16.517,0.476,-3.970) - 2.618
(10.796,0.128,-12.104) - 2.622
(22.913,0.789,-6.647) - 2.622
(22.904,0.686,-7.324) - 2.648
(22.382,0.929,-5.229) - 2.648
(16.630,0.538,-4.297) - 2.651
(18.318,0.400,-5.689) - 2.652
(18.551,0.178,-8.617) - 2.652
(13.541,1.629,-8.685) - 2.652
(16.560,0.629,-4.094) - 2.653
(10.713,0.366,-12.114) - 2.656
(4.617,0.141,-3.306) - 2.657
(4.401,0.051,-3.348) - 2.659
(16.729,0.213,-4.586) - 2.661
(10.321,0.141,-6.864) - 2.667
(4.483,0.288,-3.332) - 2.670
(16.701,0.451,-4.505) - 2.671
(11.847,1.492,-7.534) - 2.673
(13.250,1.474,-7.863) - 2.676
(4.267,0.198,-3.375) - 2.678
(20.402,0.118,-5.409) - 2.687
(4.350,0.440,-3.358) - 2.698
(4.046,0.108,-3.418) - 2.708
(10.573,0.225,-12.178) - 2.711
(4.132,0.350,-3.401) - 2.713
(16.775,0.366,-4.719) - 2.715
(16.804,0.125,-4.805) - 2.720
(15.291,0.362,-6.198) - 2.723
(13.389,1.709,-8.255) - 2.725
(10.133,0.177,-6.329) - 2.728
(16.746,0.613,-4.636) - 2.735
(19.933,0.145,-4.049) - 2.735
(12.015,1.961,-8.010) - 2.742
(13.483,1.781,-8.522) - 2.748
(3.907,0.261,-3.446) - 2.750
(18.156,0.264,-5.764) - 2.750
(12.257,2.193,-8.692) - 2.755
(11.678,0.953,-7.058) - 2.755
(13.290,1.671,-7.975) - 2.758
(3.818,0.017,-3.463) - 2.762
(11.950,1.882,-7.827) - 2.763
(3.994,0.509,-3.428) - 2.764
(11.719,1.203,-7.174) - 2.766
(12.074,2.072,-8.176) - 2.767
(22.791,0.269,-5.338) - 2.772
(23.123,0.589,-6.554) - 2.778
(11.633,0.715,-6.932) - 2.783
(16.852,0.281,-4.945) - 2.783
(10.425,0.078,-12.245) - 2.784
(16.822,0.529,-4.858) - 2.787
(9.433,0.162,-1.672) - 2.793
(13.137,1.483,-7.544) - 2.798
(7.383,0.300,-7.493) - 2.803
(16.883,0.034,-5.036) - 2.805
(12.377,2.271,-9.030) - 2.808
(16.793,0.786,-4.772) - 2.818
(11.757,1.480,-7.282) - 2.825
(11.877,1.831,-7.621) - 2.830
(12.129,2.226,-8.330) - 2.842
(14.938,0.560,-5.166) - 2.845
(11.585,0.478,-6.796) - 2.845
(13.182,1.668,-7.671) - 2.851
(10.328,0.335,-12.288) - 2.861
(16.902,0.447,-5.093) - 2.865
(16.647,0.899,-4.599) - 2.872
(9.536,0.422,-1.657) - 2.874
(16.871,0.705,-5.001) - 2.878
(16.935,0.193,-5.187) - 2.879
(9.601,0.009,-1.647) - 2.879
(13.328,1.904,-8.085) - 2.881
(13.425,1.965,-8.358) - 2.881
(17.757,0.782,-7.542) - 2.885
(19.202,0.043,-6.031) - 2.895
(19.256,0.464,-6.011) - 2.917
(9.409,0.590,-1.582) - 2.923
(16.840,0.976,-4.911) - 2.923
(18.316,0.456,-8.725) - 2.926
(8.540,0.202,-7.615) - 2.933
(9.471,0.854,-1.666) - 2.936
(13.519,2.068,-8.623) - 2.941
(13.224,1.883,-7.791) - 2.942
(11.793,1.807,-7.383) - 2.948
(10.164,0.183,-12.363) - 2.950
(9.712,0.272,-1.631) - 2.954
(12.303,2.458,-8.822) - 2.961
(16.031,0.372,-10.802) - 2.975
(15.884,0.208,-10.843) - 2.977
(12.179,2.435,-8.473) - 2.980
(9.643,0.705,-1.641) - 2.987
(3.677,0.449,-3.315) - 2.992
(16.922,0.898,-5.150) - 2.993
(23.371,0.368,-6.443) - 2.994
(3.581,0.183,-3.334) - 2.994
(13.007,1.525,-7.177) - 2.997
(11.604,1.208,-6.849) - 3.011
(15.737,0.045,-10.903) - 3.013
(13.059,1.701,-7.324) - 3.017
(15.940,0.647,-10.821) - 3.025
(11.553,0.946,-6.706) - 3.034
(15.794,0.482,-10.880) - 3.034
(11.651,1.488,-6.981) - 3.037
(9.381,0.345,-1.390) - 3.053
(9.900,0.113,-1.604) - 3.058
(13.366,2.191,-8.191) - 3.060
(9.827,0.554,-1.615) - 3.061
(15.644,0.318,-10.941) - 3.061
(9.986,0.021,-12.443) - 3.065
(17.493,0.116,-7.660) - 3.066
(18.148,0.037,-8.802) - 3.066
(13.108,1.903,-7.463) - 3.074
(10.953,0.320,-12.540) - 3.076
(12.862,0.126,-6.768) - 3.076
(13.265,2.143,-7.906) - 3.084
(12.423,2.608,-9.160) - 3.094
(11.497,0.691,-6.548) - 3.099
(13.461,2.286,-8.460) - 3.102
(11.976,2.390,-7.899) - 3.103
(11.906,2.286,-7.703) - 3.106
(15.489,0.152,-11.005) - 3.107
(17.085,0.274,-5.624) - 3.117
(20.538,0.415,-5.802) - 3.118
(15.702,0.774,-10.918) - 3.122
(11.694,1.809,-7.103) - 3.125
(15.850,0.947,-10.857) - 3.126
(15.549,0.606,-10.980) - 3.139
(10.283,0.031,-6.756) - 3.150
(15.994,1.128,-10.799) - 3.151
(10.026,0.398,-1.586) - 3.161
(9.869,0.304,-12.496) - 3.163
(12.039,2.546,-8.076) - 3.166
(11.827,2.226,-7.478) - 3.172
(15.389,0.438,-11.045) - 3.176
(13.154,2.143,-7.593) - 3.179
(19.805,0.627,-3.676) - 3.184
(19.913,0.911,-3.727) - 3.185
(16.988,0.564,-5.587) - 3.186
(12.894,0.593,-6.859) - 3.204
(9.947,0.865,-1.597) - 3.204
(18.116,0.022,-6.240) - 3.205
(13.555,2.435,-8.724) - 3.213
(9.350,0.078,-1.172) - 3.231
(15.222,0.268,-11.113) - 3.234
(17.108,0.750,-5.693) - 3.235
(16.875,0.107,-5.626) - 3.239
(15.608,1.094,-10.956) - 3.248
(15.451,0.917,-11.020) - 3.251
(15.446,0.722,-6.654) - 3.253
(17.149,0.465,-5.812) - 3.253
(9.362,0.838,-1.257) - 3.262
(23.663,0.153,-7.016) - 3.264
(15.759,1.281,-10.894) - 3.268
(15.287,0.744,-11.087) - 3.277
(12.913,1.780,-6.912) - 3.279
(20.158,1.050,-3.639) - 3.281
(10.241,0.233,-1.555) - 3.288
(12.972,1.970,-7.080) - 3.295
(13.305,2.473,-8.018) - 3.297
(12.950,0.317,-7.017) - 3.297
(10.157,0.709,-1.567) - 3.300
(11.734,2.206,-7.216) - 3.302
(12.848,1.612,-6.730) - 3.303
(17.191,0.178,-5.935) - 3.305
(20.005,1.242,-3.694) - 3.313
(15.906,1.481,-10.835) - 3.313
(15.048,0.093,-11.185) - 3.313
(14.359,0.233,-7.162) - 3.322
(13.403,2.562,-8.295) - 3.323
(15.115,0.572,-11.157) - 3.326
(19.406,0.233,-6.436) - 3.328
(11.519,1.520,-6.610) - 3.333
(11.236,0.724,-5.810) - 3.338
(13.198,2.441,-7.717) - 3.348
(11.460,1.229,-6.443) - 3.348
(14.194,0.050,-7.219) - 3.352
(13.027,2.194,-7.234) - 3.359
(12.777,1.457,-6.528) - 3.366
(19.856,1.449,-3.747) - 3.369
(11.573,1.842,-6.762) - 3.380
(16.151,0.912,-11.096) - 3.389
(14.933,0.398,-11.231) - 3.398
(14.090,0.354,-7.255) - 3.399
(15.351,1.264,-11.061) - 3.406
(20.415,1.208,-3.547) - 3.411
(12.874,1.427,-6.802) - 3.414
(9.328,0.574,-1.022) - 3.416
(11.395,0.950,-6.259) - 3.417
(15.183,1.080,-11.130) - 3.417
(12.928,1.125,-6.955) - 3.420
(15.512,1.457,-10.995) - 3.420
(17.824,0.346,-8.951) - 3.425
(10.386,0.548,-1.534) - 3.426
(16.802,0.912,-5.651) - 3.427
(13.011,0.024,-7.188) - 3.430
(20.255,1.406,-3.605) - 3.438
(17.211,0.626,-7.818) - 3.438
(13.918,0.169,-7.314) - 3.439
(7.628,0.296,-8.216) - 3.442
(16.678,0.420,-5.694) - 3.443
(10.480,0.055,-1.521) - 3.449
(11.367,0.939,-5.689) - 3.451
(11.232,1.247,-5.737) - 3.454
(15.005,0.902,-11.202) - 3.455
(12.987,0.833,-7.121) - 3.472
(14.781,1.185,-4.711) - 3.475
(13.078,2.467,-7.378) - 3.484
(14.740,0.217,-11.310) - 3.495
(16.240,0.126,-11.314) - 3.498
(18.293,0.722,-6.511) - 3.504
(9.918,1.140,-1.315) - 3.508
(11.622,2.226,-6.901) - 3.511
(14.815,0.725,-11.279) - 3.519
(8.770,0.095,-6.594) - 3.529
(4.407,0.697,-2.516) - 3.537
(11.321,0.669,-6.052) - 3.538
(11.289,1.086,-5.961) - 3.550
(15.572,0.278,-7.025) - 3.569
(13.051,0.539,-7.301) - 3.570
(23.898,0.637,-6.209) - 3.581
(10.639,0.376,-1.498) - 3.586
(10.540,0.898,-1.512) - 3.606
(15.073,1.461,-11.174) - 3.608
(14.613,0.545,-11.362) - 3.609
(15.815,1.054,-4.579) - 3.610
(15.911,0.932,-4.852) - 3.613
(14.533,0.025,-11.395) - 3.620
(9.289,0.287,-0.752) - 3.629
(14.890,1.270,-11.249) - 3.630
(15.723,1.185,-4.309) - 3.635
(12.805,2.101,-6.608) - 3.641
(11.233,0.051,-1.412) - 3.641
(12.874,2.309,-6.802) - 3.653
(14.656,0.397,-4.344) - 3.674
(7.313,0.037,-8.841) - 3.676
(12.729,1.921,-6.393) - 3.681
(14.693,1.086,-11.329) - 3.682
(11.256,1.665,-5.866) - 3.699
(16.457,0.782,-5.769) - 3.706
(11.605,1.212,-5.605) - 3.707
(13.122,0.230,-7.502) - 3.715
(9.817,1.412,-1.131) - 3.717
(11.384,0.934,-6.230) - 3.721
(11.456,1.550,-5.658) - 3.725
(12.936,2.561,-6.978) - 3.727
(14.396,0.358,-11.450) - 3.729
(11.766,0.890,-5.548) - 3.739
(11.420,1.912,-6.331) - 3.742
(11.350,1.582,-6.134) - 3.748
(13.026,1.442,-7.230) - 3.754
(12.964,1.780,-7.056) - 3.762
(14.481,0.903,-11.416) - 3.764
(10.812,0.731,-1.473) - 3.768
(12.643,1.761,-6.152) - 3.771
(11.233,0.388,-1.251) - 3.771
(11.250,0.933,-1.367) - 3.776
(10.923,0.189,-1.457) - 3.788
(8.229,0.182,-6.700) - 3.788
(10.276,1.362,-1.264) - 3.795
(13.575,0.232,-4.626) - 3.797
(11.315,1.920,-5.708) - 3.802
(13.094,1.123,-7.423) - 3.807
(13.802,0.746,-11.693) - 3.808
(14.613,0.476,-7.593) - 3.810
(11.483,2.292,-6.509) - 3.820
(11.272,1.273,-5.913) - 3.823
(11.347,1.510,-6.123) - 3.824
(13.932,0.410,-11.639) - 3.832
(13.838,0.200,-11.813) - 3.840
(12.907,2.160,-6.895) - 3.844
(20.762,0.042,-2.907) - 3.847
(13.386,0.448,-4.690) - 3.860
(13.268,0.104,-4.731) - 3.868
(14.252,0.718,-11.509) - 3.879
(14.634,0.132,-8.979) - 3.879
(14.159,0.159,-11.547) - 3.882
(13.503,0.797,-4.650) - 3.888
(17.722,0.720,-6.767) - 3.893
(10.522,1.184,-1.228) - 3.893
(14.069,0.070,-11.584) - 3.894
(19.628,1.329,-3.160) - 3.896
(14.563,1.497,-11.382) - 3.899
(17.627,0.160,-6.810) - 3.900
(12.547,1.612,-5.879) - 3.912
(13.169,0.806,-7.635) - 3.912
(13.070,0.323,-4.799) - 3.943
(11.494,0.773,-6.538) - 3.945
(13.192,0.675,-4.757) - 3.948
(14.342,1.306,-11.472) - 3.970
(11.117,0.552,-1.429) - 3.974
(14.017,1.001,-11.605) - 3.988
(11.204,0.766,-1.050) - 3.989
(11.450,1.360,-6.416) - 4.000
(14.156,0.648,-11.548) - 4.001
(16.414,0.723,-11.741) - 4.017
(11.224,2.387,-5.777) - 4.018
(13.882,1.367,-11.660) - 4.019
(11.872,1.537,-5.510) - 4.023
(14.002,0.524,-11.611) - 4.028
(8.379,0.093,-13.170) - 4.029
(11.185,0.193,-0.915) - 4.031
(12.865,0.554,-4.869) - 4.043
(8.076,0.231,-13.308) - 4.045
(12.053,1.185,-5.446) - 4.046
(8.567,0.316,-13.085) - 4.047
(12.387,0.864,-5.429) - 4.054
(14.303,0.296,-11.488) - 4.054
(17.466,0.527,-6.882) - 4.056
(7.886,0.008,-13.394) - 4.058
(11.704,1.912,-5.570) - 4.060
(12.992,0.918,-4.826) - 4.062
(12.735,0.195,-4.914) - 4.063
(11.311,2.194,-6.021) - 4.071
(8.874,0.179,-12.946) - 4.073
(13.252,0.477,-7.870) - 4.073
(14.100,1.117,-11.571) - 4.078
(13.873,1.164,-11.897) - 4.083
(13.933,0.577,-12.046) - 4.095
(13.551,0.616,-4.330) - 4.106
(10.218,1.701,-0.999) - 4.108
(12.435,1.468,-5.564) - 4.111
(11.180,1.381,-1.133) - 4.111
(12.677,2.513,-6.247) - 4.113
(7.574,0.148,-13.535) - 4.118
(19.486,0.446,-2.743) - 4.125
(17.119,0.192,-9.275) - 4.163
(4.486,0.592,-1.833) - 4.170
(12.652,0.801,-4.943) - 4.172
(11.547,2.337,-5.626) - 4.173
(13.139,1.833,-7.551) - 4.176
(12.585,2.323,-5.988) - 4.177
(12.515,0.430,-4.989) - 4.179
(11.409,2.025,-6.299) - 4.184
(9.388,0.273,-12.714) - 4.196
(13.067,2.219,-7.347) - 4.203
(14.246,1.287,-11.512) - 4.207
(14.398,0.913,-11.450) - 4.208
(17.005,0.084,-6.878) - 4.212
(13.834,0.925,-11.680) - 4.225
(12.374,0.059,-5.038) - 4.226
(13.220,1.480,-7.779) - 4.228
(11.570,1.206,-6.752) - 4.233
(14.556,0.544,-11.385) - 4.253
(11.151,0.584,-0.682) - 4.263
(17.181,0.320,-7.010) - 4.264
(11.219,2.034,-5.762) - 4.264
(16.729,0.004,-4.588) - 4.266
(11.172,1.200,-0.829) - 4.271
(4.507,0.474,-2.498) - 4.272
(11.303,2.418,-6.001) - 4.272
(5.582,0.081,-5.377) - 4.285
(10.978,1.451,-1.162) - 4.293
(13.347,0.120,-8.136) - 4.296
(12.479,2.159,-5.689) - 4.309
(13.001,2.671,-7.162) - 4.329
(13.939,1.574,-11.637) - 4.337
(14.724,0.169,-11.317) - 4.342
(13.309,1.134,-8.031) - 4.346
(4.513,0.244,-2.257) - 4.352
(11.522,1.870,-6.618) - 4.360
(17.202,0.061,-3.777) - 4.369
(9.942,0.379,-12.463) - 4.410
(12.174,1.929,-5.403) - 4.415
(14.040,1.017,-12.308) - 4.423
(24.764,0.395,-5.937) - 4.441
(10.847,1.748,-0.995) - 4.447
(14.659,1.213,-11.343) - 4.459
(11.982,2.355,-5.471) - 4.478
(14.114,0.387,-12.488) - 4.496
(14.834,0.823,-11.272) - 4.496
(24.871,0.153,-6.150) - 4.498
(22.334,0.014,-2.665) - 4.502
(4.478,0.654,-2.079) - 4.508
(15.862,0.753,-7.874) - 4.510
(12.356,2.013,-5.342) - 4.514
(24.308,0.840,-4.607) - 4.517
(13.410,0.780,-8.316) - 4.533
(4.456,0.005,-1.966) - 4.536
(24.757,1.212,-6.219) - 4.538
(11.710,1.044,-7.149) - 4.541
(8.030,0.297,-9.397) - 4.569
(15.019,0.431,-11.196) - 4.582
(4.506,0.412,-1.829) - 4.583
(13.375,0.028,-3.817) - 4.596
(11.654,1.723,-6.990) - 4.608
(14.377,1.174,-3.531) - 4.658
(11.477,2.675,-6.490) - 4.669
(15.216,0.024,-11.116) - 4.716
(13.274,2.330,-7.931) - 4.717
(13.370,1.930,-8.202) - 4.766
(14.946,1.559,-11.226) - 4.768
(5.430,0.033,-14.126) - 4.776
(15.139,1.141,-11.147) - 4.793
(13.525,0.398,-8.640) - 4.793
(16.638,1.554,-12.290) - 4.797
(11.601,2.506,-6.841) - 4.837
(14.958,0.174,-8.599) - 4.838
(17.127,0.930,-3.301) - 4.845
(14.161,1.546,-12.604) - 4.846
(21.214,0.378,-7.421) - 4.849
(17.062,1.063,-7.490) - 4.856
(16.820,0.797,-7.435) - 4.857
(14.245,0.852,-12.811) - 4.870
(15.346,0.726,-11.063) - 4.875
(17.101,0.235,-3.135) - 4.900
(13.480,1.550,-8.513) - 4.905
(11.810,1.576,-7.431) - 4.940
(11.879,0.865,-7.625) - 4.941
(16.540,0.539,-7.432) - 4.949
(15.567,0.301,-10.973) - 5.012
(14.336,0.156,-13.033) - 5.018
(16.814,0.457,-12.722) - 5.022
(16.402,0.996,-7.361) - 5.028
(11.747,2.359,-7.254) - 5.095
(15.480,1.511,-11.008) - 5.157
(23.575,0.083,-2.638) - 5.177
(17.056,0.711,-2.847) - 5.189
(15.712,1.068,-10.914) - 5.235
(14.397,1.414,-13.182) - 5.355
(15.965,0.618,-10.811) - 5.377
(12.001,1.422,-7.970) - 5.385
(9.395,0.103,-4.235) - 5.434
(11.924,2.228,-7.752) - 5.461
(14.504,0.656,-13.445) - 5.468
(13.555,2.517,-8.725) - 5.472
(25.277,0.231,-4.200) - 5.489
(11.905,1.452,-7.698) - 5.717
(12.153,1.338,-8.400) - 5.742
(12.058,1.669,-8.130) - 5.797
(11.657,1.595,-6.998) - 5.799
(11.811,1.798,-7.432) - 5.820
(11.499,1.404,-6.554) - 5.827
(12.311,1.570,-8.845) - 5.882
(11.963,2.021,-7.863) - 5.891
(12.213,1.908,-8.568) - 5.927
(16.734,0.077,-9.502) - 5.944
(11.560,1.965,-6.725) - 5.954
(12.142,2.106,-8.368) - 5.965
(11.716,2.171,-7.164) - 5.965
(12.239,1.250,-8.642) - 5.982
(11.399,1.774,-6.272) - 5.994
(12.117,2.267,-8.297) - 6.013
(11.869,2.399,-7.596) - 6.028
(14.701,1.265,-13.927) - 6.051
(11.232,1.595,-5.799) - 6.088
(12.373,2.176,-9.020) - 6.113
(12.022,2.655,-8.028) - 6.146
(11.461,2.370,-6.447) - 6.155
(11.620,2.580,-6.893) - 6.157
(12.274,2.545,-8.739) - 6.192
(11.297,2.179,-5.982) - 6.208
(16.184,1.324,-11.177) - 6.274
(14.841,0.408,-14.270) - 6.282
(11.306,1.579,-6.010) - 6.420
(11.422,1.236,-6.336) - 6.471
(21.628,0.823,-13.155) - 6.583
(17.353,0.448,-9.168) - 6.585
(11.367,1.984,-5.689) - 6.592
(4.142,0.265,-3.399) - 6.630
(21.311,0.465,-13.300) - 6.640
(12.419,1.983,-9.149) - 6.654
(11.377,2.240,-6.209) - 6.686
(4.636,0.496,-3.149) - 6.708
(11.496,1.879,-6.545) - 6.711
(11.264,2.617,-5.889) - 6.711
(20.985,0.101,-13.448) - 6.736
(21.110,1.077,-13.391) - 6.776
(11.621,1.526,-6.896) - 6.783
(11.752,1.173,-7.266) - 6.903
(11.572,2.597,-6.759) - 7.039
(11.701,2.224,-7.123) - 7.084
(12.060,1.517,-5.444) - 7.154
(11.837,1.860,-7.508) - 7.183
(10.453,1.251,-1.238) - 7.231
(15.839,0.662,-10.862) - 7.275
(10.213,1.670,-0.964) - 7.323
(11.983,1.497,-7.920) - 7.338
(15.626,1.331,-10.949) - 7.396
(12.725,2.598,-6.382) - 7.487
(14.678,1.423,-11.335) - 7.488
(12.140,1.125,-8.361) - 7.551
(11.926,2.630,-7.758) - 7.557
(16.151,0.015,-11.098) - 7.559
(14.690,1.207,-11.331) - 7.589
(12.079,2.254,-8.188) - 7.691
(13.958,1.579,-11.629) - 7.738
(13.925,1.155,-12.026) - 7.751
(14.077,1.515,-11.581) - 7.851
(12.244,1.878,-8.654) - 7.891
(14.331,0.914,-11.477) - 7.948
(8.440,0.183,-13.143) - 7.969
(11.209,0.345,-1.082) - 8.026
(22.152,0.289,-14.568) - 8.026
(9.419,0.355,-12.700) - 8.057
(12.423,1.493,-9.160) - 8.161
(11.169,1.083,-0.804) - 8.205
(10.173,0.299,-12.359) - 8.310
(11.102,0.644,-0.341) - 8.366
(14.269,1.544,-12.870) - 8.437
(10.912,0.017,-12.427) - 8.560
(15.006,1.465,-11.201) - 8.618
(14.513,1.132,-13.468) - 8.843
(10.441,1.669,-1.053) - 8.927
(14.161,1.451,-11.546) - 9.424
(13.930,0.952,-12.038) - 9.613
(16.994,1.444,-13.164) - 9.890
(21.219,0.376,-13.342) - 10.450
(10.235,0.044,-10.906) - 10.999
(10.847,0.276,-12.246) - 11.043
(21.893,1.008,-13.775) - 11.072
